{
    "animation": [
        {
            "name": "Root",
            "time": [0.0, 0.0167, 0.0333, 0.05, 0.0667, 0.0833, 0.1, 0.1167, 0.1333, 0.15, 0.1667, 0.1833, 0.2, 0.2167, 0.2333, 0.25, 0.2667, 0.2833, 0.3, 0.3167, 0.3333, 0.35, 0.3667, 0.3833, 0.4, 0.4167, 0.4333, 0.45, 0.4667, 0.4833, 0.5, 0.5167, 0.5333, 0.55, 0.5667, 0.5833, 0.6, 0.6167, 0.6333, 0.65, 0.6667, 0.6833, 0.7, 0.7167, 0.7333, 0.75, 0.7667, 0.7833, 0.8, 0.8167, 0.8333, 0.85, 0.8667, 0.8833, 0.9, 0.9167, 0.9333, 0.95, 0.9667, 0.9833, 1.0, 1.0167, 1.0333, 1.05, 1.0667, 1.0833, 1.1, 1.1167, 1.1333, 1.15, 1.1667, 1.1833, 1.2, 1.2167, 1.2333, 1.25, 1.2667, 1.2833, 1.3, 1.3167, 1.3333, 1.35, 1.3667, 1.3833, 1.4, 1.4167, 1.4333, 1.45, 1.4667, 1.4833, 1.5, 1.5167, 1.5333, 1.55, 1.5667, 1.5833, 1.6, 1.6167, 1.6333, 1.65, 1.6667, 1.6833, 1.7, 1.7167, 1.7333, 1.75, 1.7667, 1.7833, 1.8, 1.8167, 1.8333, 1.85, 1.8667, 1.8833, 1.9, 1.9167, 1.9333, 1.95, 1.9667, 1.9833, 2.0, 2.0167, 2.0333, 2.05, 2.0667, 2.0833, 2.1, 2.1167, 2.1333, 2.15, 2.1667, 2.1833, 2.2, 2.2167, 2.2333, 2.25, 2.2667, 2.2833, 2.3, 2.3167, 2.3333, 2.35, 2.3667, 2.3833, 2.4, 2.4167, 2.4333, 2.45, 2.4667, 2.4833, 2.5, 2.5167, 2.5333, 2.55, 2.5667, 2.5833, 2.6, 2.6167, 2.6333, 2.65, 2.6667, 2.6833, 2.7, 2.7167, 2.7333, 2.75, 2.7667, 2.7833, 2.8, 2.8167, 2.8333, 2.85, 2.8667, 2.8833, 2.9, 2.9167, 2.9333, 2.95, 2.9667, 2.9833, 3.0, 3.0167, 3.0333, 3.05, 3.0667, 3.0833, 3.1, 3.1167, 3.1333, 3.15, 3.1667, 3.1833, 3.2, 3.2167, 3.2333, 3.25, 3.2667, 3.2833, 3.3, 3.3167, 3.3333, 3.35, 3.3667, 3.3833, 3.4, 3.4167, 3.4333, 3.45, 3.4667, 3.4833, 3.5, 3.5167, 3.5333, 3.55, 3.5667, 3.5833, 3.6, 3.6167, 3.6333],
            "transform": [
                [0.999926, 0.00985, 0.00705, 0.00122, 0.007482, -0.044534, -0.99898, 0.011372, -0.009526, 0.998959, -0.044605, 0.736771, 0.0, 0.0, 0.0, 1.0],
                [0.998519, -0.022984, -0.049303, 0.007175, -0.050495, -0.054575, -0.997232, -0.028714, 0.02023, 0.998245, -0.055655, 0.728163, 0.0, 0.0, 0.0, 1.0],
                [0.992849, -0.056379, -0.105221, 0.013131, -0.108702, -0.062701, -0.992095, -0.068799, 0.049336, 0.996439, -0.068381, 0.719556, 0.0, 0.0, 0.0, 1.0],
                [0.98294, -0.090119, -0.160337, 0.019086, -0.166756, -0.068852, -0.983591, -0.108885, 0.077601, 0.993548, -0.082705, 0.710949, 0.0, 0.0, 0.0, 1.0],
                [0.968869, -0.12398, -0.214292, 0.025041, -0.224278, -0.072995, -0.971788, -0.14897, 0.10484, 0.989596, -0.098529, 0.702341, 0.0, 0.0, 0.0, 1.0],
                [0.954534, -0.134218, -0.266179, 0.033544, -0.277593, -0.074716, -0.957789, -0.177511, 0.108665, 0.988131, -0.108577, 0.694589, 0.0, 0.0, 0.0, 1.0],
                [0.937251, -0.144549, -0.317278, 0.042047, -0.3302, -0.075866, -0.940857, -0.206051, 0.111929, 0.986585, -0.118836, 0.686837, 0.0, 0.0, 0.0, 1.0],
                [0.917089, -0.154925, -0.367349, 0.05055, -0.381851, -0.076438, -0.921057, -0.234591, 0.114615, 0.984965, -0.129258, 0.679085, 0.0, 0.0, 0.0, 1.0],
                [0.894141, -0.165297, -0.416159, 0.059052, -0.432308, -0.076428, -0.898481, -0.263132, 0.11671, 0.983278, -0.139797, 0.671333, 0.0, 0.0, 0.0, 1.0],
                [0.868526, -0.175619, -0.463487, 0.067555, -0.481341, -0.075839, -0.873246, -0.291672, 0.118208, 0.981533, -0.150401, 0.663581, 0.0, 0.0, 0.0, 1.0],
                [0.842059, -0.121929, -0.525423, 0.084152, -0.535961, -0.079557, -0.840486, -0.293967, 0.060678, 0.989345, -0.132341, 0.656539, 0.0, 0.0, 0.0, 1.0],
                [0.808735, -0.068006, -0.584228, 0.100749, -0.588159, -0.086746, -0.804079, -0.296262, 0.004003, 0.993907, -0.110153, 0.649496, 0.0, 0.0, 0.0, 1.0],
                [0.768898, -0.014468, -0.639208, 0.117346, -0.637322, -0.097343, -0.764425, -0.298557, -0.051162, 0.995146, -0.084068, 0.642454, 0.0, 0.0, 0.0, 1.0],
                [0.723038, 0.038076, -0.689758, 0.133943, -0.682904, -0.111208, -0.721993, -0.300852, -0.104197, 0.993068, -0.054405, 0.635411, 0.0, 0.0, 0.0, 1.0],
                [0.602064, 0.056478, -0.796448, 0.133227, -0.792231, -0.081974, -0.60469, -0.316827, -0.099439, 0.995033, -0.00461, 0.628312, 0.0, 0.0, 0.0, 1.0],
                [0.463585, 0.079672, -0.882464, 0.13251, -0.881829, -0.05564, -0.468275, -0.332802, -0.086409, 0.995267, 0.044464, 0.621213, 0.0, 0.0, 0.0, 1.0],
                [0.31315, 0.10677, -0.943683, 0.131794, -0.947443, -0.033395, -0.318177, -0.348777, -0.065486, 0.993723, 0.090701, 0.614114, 0.0, 0.0, 0.0, 1.0],
                [0.157308, 0.136554, -0.978063, 0.131077, -0.98683, -0.016084, -0.160963, -0.364752, -0.037711, 0.990502, 0.132225, 0.607016, 0.0, 0.0, 0.0, 1.0],
                [0.049015, 0.153729, -0.986897, 0.124995, -0.998729, -0.004108, -0.050242, -0.38164, -0.011778, 0.988104, 0.153333, 0.592917, 0.0, 0.0, 0.0, 1.0],
                [-0.060097, 0.17217, -0.983232, 0.118912, -0.998056, 0.005922, 0.06204, -0.398527, 0.016504, 0.98505, 0.171479, 0.578818, 0.0, 0.0, 0.0, 1.0],
                [-0.167898, 0.191526, -0.96702, 0.11283, -0.984702, 0.013792, 0.1737, -0.415415, 0.046605, 0.981391, 0.18628, 0.564719, 0.0, 0.0, 0.0, 1.0],
                [-0.272313, 0.211414, -0.938696, 0.106747, -0.959048, 0.019369, 0.282579, -0.432302, 0.077923, 0.977205, 0.197482, 0.55062, 0.0, 0.0, 0.0, 1.0],
                [-0.239956, 0.203491, -0.949217, 0.099436, -0.968517, 0.016596, 0.248393, -0.442687, 0.066299, 0.978936, 0.193103, 0.529947, 0.0, 0.0, 0.0, 1.0],
                [-0.207178, 0.195648, -0.95854, 0.092125, -0.976766, 0.013534, 0.21388, -0.453073, 0.054818, 0.980581, 0.188298, 0.509274, 0.0, 0.0, 0.0, 1.0],
                [-0.174043, 0.187899, -0.966645, 0.084814, -0.983777, 0.010189, 0.179108, -0.463458, 0.043503, 0.982135, 0.183078, 0.488601, 0.0, 0.0, 0.0, 1.0],
                [-0.140617, 0.180261, -0.973516, 0.077503, -0.989535, 0.006566, 0.144146, -0.473843, 0.032376, 0.983597, 0.177451, 0.467928, 0.0, 0.0, 0.0, 1.0],
                [-0.106966, 0.172748, -0.979141, 0.070193, -0.994031, 0.002675, 0.109065, -0.484228, 0.021459, 0.984962, 0.171431, 0.447255, 0.0, 0.0, 0.0, 1.0],
                [0.105896, 0.171632, -0.979454, 0.060132, -0.993437, 0.061099, -0.096701, -0.484134, 0.043247, 0.983265, 0.176975, 0.441298, 0.0, 0.0, 0.0, 1.0],
                [0.318758, 0.157698, -0.934626, 0.050072, -0.94569, 0.119241, -0.302412, -0.48404, 0.063756, 0.980262, 0.187142, 0.435341, 0.0, 0.0, 0.0, 1.0],
                [0.516288, 0.131488, -0.846261, 0.040012, -0.852532, 0.172902, -0.493249, -0.483946, 0.081464, 0.976123, 0.201365, 0.429385, 0.0, 0.0, 0.0, 1.0],
                [0.68529, 0.095251, -0.722014, 0.029952, -0.722016, 0.218509, -0.656465, -0.483852, 0.095237, 0.971175, 0.218515, 0.423428, 0.0, 0.0, 0.0, 1.0],
                [0.75733, 0.072651, -0.648978, 0.026517, -0.646195, 0.226808, -0.728691, -0.488783, 0.094253, 0.971226, 0.218715, 0.42624, 0.0, 0.0, 0.0, 1.0],
                [0.821349, 0.049172, -0.568303, 0.023082, -0.562752, 0.232716, -0.793191, -0.493714, 0.09325, 0.971301, 0.218813, 0.429051, 0.0, 0.0, 0.0, 1.0],
                [0.876208, 0.025202, -0.481273, 0.019647, -0.473022, 0.236115, -0.848822, -0.498645, 0.092244, 0.971398, 0.218807, 0.431862, 0.0, 0.0, 0.0, 1.0],
                [0.921073, 0.001141, -0.389387, 0.016213, -0.378546, 0.236969, -0.894734, -0.503576, 0.091252, 0.971516, 0.218698, 0.434674, 0.0, 0.0, 0.0, 1.0],
                [0.926313, -0.000623, -0.376755, 0.016611, -0.36737, 0.220321, -0.903603, -0.511596, 0.08357, 0.975427, 0.203857, 0.436945, 0.0, 0.0, 0.0, 1.0],
                [0.931389, -0.002153, -0.36402, 0.017009, -0.355989, 0.20358, -0.912045, -0.519616, 0.076071, 0.979056, 0.188846, 0.439216, 0.0, 0.0, 0.0, 1.0],
                [0.936297, -0.003448, -0.351192, 0.017408, -0.344412, 0.186758, -0.920055, -0.527635, 0.068761, 0.9824, 0.173673, 0.441486, 0.0, 0.0, 0.0, 1.0],
                [0.941035, -0.004507, -0.33828, 0.017806, -0.332647, 0.169867, -0.927627, -0.535655, 0.061644, 0.985457, 0.158351, 0.443757, 0.0, 0.0, 0.0, 1.0],
                [0.945598, -0.00533, -0.325294, 0.018204, -0.320702, 0.152919, -0.934755, -0.543674, 0.054726, 0.988224, 0.142891, 0.446028, 0.0, 0.0, 0.0, 1.0],
                [0.945807, -0.003094, -0.324716, 0.019102, -0.3215, 0.131775, -0.937696, -0.552645, 0.04569, 0.991275, 0.123639, 0.448991, 0.0, 0.0, 0.0, 1.0],
                [0.945994, -0.000845, -0.324181, 0.019999, -0.322105, 0.110565, -0.940225, -0.561615, 0.036637, 0.993868, 0.104322, 0.451955, 0.0, 0.0, 0.0, 1.0],
                [0.946162, 0.001416, -0.32369, 0.020897, -0.322517, 0.089306, -0.942341, -0.570586, 0.027573, 0.996003, 0.084955, 0.454918, 0.0, 0.0, 0.0, 1.0],
                [0.946308, 0.003687, -0.323244, 0.021794, -0.322735, 0.068012, -0.944043, -0.579556, 0.018504, 0.997678, 0.06555, 0.457881, 0.0, 0.0, 0.0, 1.0],
                [0.947276, 0.003462, -0.3204, 0.021873, -0.320101, 0.05471, -0.945802, -0.584193, 0.014255, 0.998496, 0.052934, 0.460433, 0.0, 0.0, 0.0, 1.0],
                [0.948236, 0.003276, -0.31755, 0.021951, -0.317408, 0.041397, -0.947385, -0.588831, 0.010042, 0.999137, 0.040294, 0.462984, 0.0, 0.0, 0.0, 1.0],
                [0.949188, 0.003131, -0.314695, 0.02203, -0.314656, 0.028075, -0.94879, -0.593468, 0.005864, 0.999601, 0.027634, 0.465535, 0.0, 0.0, 0.0, 1.0],
                [0.950131, 0.003026, -0.311836, 0.022108, -0.311846, 0.01475, -0.950018, -0.598106, 0.001725, 0.999887, 0.014958, 0.468086, 0.0, 0.0, 0.0, 1.0],
                [0.948085, 0.000242, -0.318018, 0.021275, -0.318005, 0.009922, -0.948037, -0.59826, 0.002926, 0.999951, 0.009483, 0.470477, 0.0, 0.0, 0.0, 1.0],
                [0.945995, -0.002574, -0.324172, 0.020442, -0.324156, 0.005111, -0.94599, -0.598414, 0.004091, 0.999983, 0.004, 0.472868, 0.0, 0.0, 0.0, 1.0],
                [0.943862, -0.005421, -0.330296, 0.019608, -0.3303, 0.000318, -0.943876, -0.598568, 0.005221, 0.999985, -0.00149, 0.475259, 0.0, 0.0, 0.0, 1.0],
                [0.941686, -0.008298, -0.336391, 0.018775, -0.336434, -0.004456, -0.941696, -0.598722, 0.006316, 0.999956, -0.006988, 0.477651, 0.0, 0.0, 0.0, 1.0],
                [0.940112, -0.016037, -0.340488, 0.016887, -0.340552, -0.00133, -0.940225, -0.597156, 0.014625, 0.999871, -0.006712, 0.48046, 0.0, 0.0, 0.0, 1.0],
                [0.938456, -0.023761, -0.344581, 0.014998, -0.344637, 0.00183, -0.938734, -0.595591, 0.022936, 0.999716, -0.006471, 0.483269, 0.0, 0.0, 0.0, 1.0],
                [0.936717, -0.03147, -0.348669, 0.01311, -0.348689, 0.005023, -0.937225, -0.594025, 0.031246, 0.999492, -0.006268, 0.486079, 0.0, 0.0, 0.0, 1.0],
                [0.934897, -0.039162, -0.352751, 0.011222, -0.352708, 0.00825, -0.935697, -0.59246, 0.039554, 0.999199, -0.0061, 0.488888, 0.0, 0.0, 0.0, 1.0],
                [0.932995, -0.046837, -0.356828, 0.009334, -0.356692, 0.011509, -0.934151, -0.590894, 0.04786, 0.998836, -0.005969, 0.491697, 0.0, 0.0, 0.0, 1.0],
                [0.932662, -0.055425, -0.356467, 0.006612, -0.356146, 0.015915, -0.934295, -0.589496, 0.057457, 0.998336, -0.004896, 0.495437, 0.0, 0.0, 0.0, 1.0],
                [0.932247, -0.064011, -0.356116, 0.003891, -0.355557, 0.020316, -0.934434, -0.588099, 0.067049, 0.997742, -0.00382, 0.499177, 0.0, 0.0, 0.0, 1.0],
                [0.931749, -0.072592, -0.355774, 0.001169, -0.354925, 0.024711, -0.934568, -0.586701, 0.076634, 0.997056, -0.00274, 0.502917, 0.0, 0.0, 0.0, 1.0],
                [0.931168, -0.081168, -0.355441, -0.001553, -0.354251, 0.0291, -0.934697, -0.585303, 0.086211, 0.996275, -0.001657, 0.506657, 0.0, 0.0, 0.0, 1.0],
                [0.931123, -0.090037, -0.353415, -0.004396, -0.351796, 0.033793, -0.935466, -0.583984, 0.09617, 0.995365, -0.000209, 0.510494, 0.0, 0.0, 0.0, 1.0],
                [0.930986, -0.098909, -0.351401, -0.007239, -0.349292, 0.038462, -0.936224, -0.582665, 0.106117, 0.994353, 0.001259, 0.514331, 0.0, 0.0, 0.0, 1.0],
                [0.930754, -0.107781, -0.349399, -0.010083, -0.34674, 0.043107, -0.93697, -0.581347, 0.116049, 0.99324, 0.00275, 0.518168, 0.0, 0.0, 0.0, 1.0],
                [0.93043, -0.116653, -0.347408, -0.012926, -0.34414, 0.047726, -0.937704, -0.580028, 0.125967, 0.992025, 0.004261, 0.522006, 0.0, 0.0, 0.0, 1.0],
                [0.929535, -0.124121, -0.347216, -0.015296, -0.343306, 0.052306, -0.937766, -0.578502, 0.134558, 0.990887, 0.006009, 0.52517, 0.0, 0.0, 0.0, 1.0],
                [0.928575, -0.131582, -0.347037, -0.017667, -0.342432, 0.056879, -0.937819, -0.576977, 0.14314, 0.989672, 0.007758, 0.528334, 0.0, 0.0, 0.0, 1.0],
                [0.92755, -0.139035, -0.346872, -0.020037, -0.341519, 0.061444, -0.937864, -0.575451, 0.15171, 0.988379, 0.009509, 0.531498, 0.0, 0.0, 0.0, 1.0],
                [0.926461, -0.146479, -0.34672, -0.022407, -0.340566, 0.066001, -0.937901, -0.573925, 0.160267, 0.987009, 0.011261, 0.534662, 0.0, 0.0, 0.0, 1.0],
                [0.925307, -0.153913, -0.34658, -0.024777, -0.339574, 0.070549, -0.93793, -0.572399, 0.168811, 0.985562, 0.013015, 0.537827, 0.0, 0.0, 0.0, 1.0],
                [0.921492, -0.164622, -0.351785, -0.027927, -0.343278, 0.078506, -0.935947, -0.56933, 0.181694, 0.983228, 0.015832, 0.541908, 0.0, 0.0, 0.0, 1.0],
                [0.917512, -0.175261, -0.35701, -0.031077, -0.346869, 0.086504, -0.933916, -0.566261, 0.194561, 0.980714, 0.018576, 0.545989, 0.0, 0.0, 0.0, 1.0],
                [0.913367, -0.185827, -0.362255, -0.034227, -0.350346, 0.09454, -0.931837, -0.563193, 0.207408, 0.978024, 0.021246, 0.55007, 0.0, 0.0, 0.0, 1.0],
                [0.90906, -0.196318, -0.367517, -0.037377, -0.353706, 0.102611, -0.929711, -0.560124, 0.22023, 0.975156, 0.023841, 0.554152, 0.0, 0.0, 0.0, 1.0],
                [0.900602, -0.208085, -0.381597, -0.040905, -0.36512, 0.114113, -0.92394, -0.55513, 0.235803, 0.971431, 0.026794, 0.558578, 0.0, 0.0, 0.0, 1.0],
                [0.891761, -0.219631, -0.395632, -0.044434, -0.376272, 0.125756, -0.917935, -0.550136, 0.25136, 0.967444, 0.029503, 0.563005, 0.0, 0.0, 0.0, 1.0],
                [0.882543, -0.230946, -0.409612, -0.047962, -0.387155, 0.137532, -0.911699, -0.545142, 0.266888, 0.963197, 0.031966, 0.567432, 0.0, 0.0, 0.0, 1.0],
                [0.872954, -0.242023, -0.423527, -0.051491, -0.39776, 0.149434, -0.905238, -0.540147, 0.282378, 0.958694, 0.034182, 0.571859, 0.0, 0.0, 0.0, 1.0],
                [0.856476, -0.254137, -0.449291, -0.055277, -0.419079, 0.165822, -0.892679, -0.532785, 0.301365, 0.952847, 0.035519, 0.576647, 0.0, 0.0, 0.0, 1.0],
                [0.839073, -0.265691, -0.474727, -0.059062, -0.439749, 0.182491, -0.879385, -0.525422, 0.320278, 0.946628, 0.036286, 0.581435, 0.0, 0.0, 0.0, 1.0],
                [0.820774, -0.276663, -0.499788, -0.062848, -0.459732, 0.199412, -0.865379, -0.518059, 0.339083, 0.940049, 0.036481, 0.586223, 0.0, 0.0, 0.0, 1.0],
                [0.801612, -0.287036, -0.524431, -0.066634, -0.478994, 0.216556, -0.850687, -0.510697, 0.357746, 0.93312, 0.036105, 0.591011, 0.0, 0.0, 0.0, 1.0],
                [0.761713, -0.298728, -0.574938, -0.075577, -0.520653, 0.245939, -0.817578, -0.475096, 0.385633, 0.922104, 0.031801, 0.600398, 0.0, 0.0, 0.0, 1.0],
                [0.718516, -0.308377, -0.623409, -0.084521, -0.559617, 0.27591, -0.781475, -0.439495, 0.412993, 0.910372, 0.025673, 0.609784, 0.0, 0.0, 0.0, 1.0],
                [0.67229, -0.315903, -0.669501, -0.093465, -0.595605, 0.30627, -0.742599, -0.403894, 0.439638, 0.898, 0.017749, 0.619171, 0.0, 0.0, 0.0, 1.0],
                [0.623344, -0.321257, -0.712907, -0.102408, -0.628375, 0.336817, -0.701212, -0.368293, 0.465389, 0.88507, 0.008083, 0.628558, 0.0, 0.0, 0.0, 1.0],
                [0.572025, -0.324417, -0.753353, -0.111352, -0.657731, 0.367345, -0.657608, -0.332692, 0.49008, 0.871672, -0.003249, 0.637944, 0.0, 0.0, 0.0, 1.0],
                [0.406353, -0.307336, -0.860478, -0.124671, -0.735808, 0.448267, -0.507586, -0.291911, 0.541723, 0.839405, -0.043985, 0.640233, 0.0, 0.0, 0.0, 1.0],
                [0.222162, -0.272557, -0.936139, -0.137991, -0.780956, 0.525089, -0.338214, -0.25113, 0.583739, 0.806222, -0.0962, 0.642523, 0.0, 0.0, 0.0, 1.0],
                [0.030352, -0.221698, -0.974643, -0.151311, -0.789337, 0.592895, -0.159444, -0.210349, 0.61321, 0.774161, -0.156999, 0.644812, 0.0, 0.0, 0.0, 1.0],
                [-0.157258, -0.158317, -0.974785, -0.164631, -0.761555, 0.647861, 0.017638, -0.169568, 0.628733, 0.745126, -0.222449, 0.647101, 0.0, 0.0, 0.0, 1.0],
                [-0.355448, -0.043548, -0.933681, -0.174096, -0.715935, 0.654881, 0.242009, -0.111398, 0.600911, 0.754476, -0.263954, 0.640781, 0.0, 0.0, 0.0, 1.0],
                [-0.541526, 0.072434, -0.837558, -0.183562, -0.622851, 0.634566, 0.457585, -0.053229, 0.56463, 0.769467, -0.298519, 0.634461, 0.0, 0.0, 0.0, 1.0],
                [-0.698832, 0.179624, -0.692365, -0.193028, -0.488315, 0.587491, 0.645293, 0.004941, 0.522669, 0.789043, -0.322844, 0.628141, 0.0, 0.0, 0.0, 1.0],
                [-0.815491, 0.269483, -0.512206, -0.202493, -0.32523, 0.518681, 0.790693, 0.06311, 0.478749, 0.811387, -0.335335, 0.62182, 0.0, 0.0, 0.0, 1.0],
                [-0.933125, 0.24682, -0.261453, -0.178071, -0.120368, 0.470764, 0.87401, 0.153616, 0.338806, 0.847031, -0.409573, 0.587947, 0.0, 0.0, 0.0, 1.0],
                [-0.978231, 0.205516, 0.028786, -0.153648, 0.11626, 0.427835, 0.896349, 0.244122, 0.171898, 0.880182, -0.442415, 0.554073, 0.0, 0.0, 0.0, 1.0],
                [-0.934431, 0.148723, 0.323605, -0.129226, 0.356135, 0.396565, 0.846111, 0.334628, -0.002494, 0.905879, -0.423528, 0.520199, 0.0, 0.0, 0.0, 1.0],
                [-0.807555, 0.083997, 0.583782, -0.104804, 0.567345, 0.381113, 0.729982, 0.425134, -0.161171, 0.920705, -0.355425, 0.486326, 0.0, 0.0, 0.0, 1.0],
                [-0.623255, 0.020217, 0.781758, -0.080381, 0.727584, 0.381434, 0.570201, 0.51564, -0.286661, 0.924175, -0.252441, 0.452452, 0.0, 0.0, 0.0, 1.0],
                [-0.216009, -0.018985, 0.976207, -0.053365, 0.903473, 0.375233, 0.207213, 0.564656, -0.370239, 0.926736, -0.063901, 0.413834, 0.0, 0.0, 0.0, 1.0],
                [0.294507, -0.061736, 0.953653, -0.026349, 0.887586, 0.387533, -0.249017, 0.613672, -0.354198, 0.919786, 0.168927, 0.375216, 0.0, 0.0, 0.0, 1.0],
                [0.727257, -0.091868, 0.680189, 0.000667, 0.648362, 0.41713, -0.63689, 0.662688, -0.225217, 0.904192, 0.362925, 0.336597, 0.0, 0.0, 0.0, 1.0],
                [0.952455, -0.101532, 0.287266, 0.027683, 0.301427, 0.451423, -0.839857, 0.711704, -0.044406, 0.886515, 0.460564, 0.297979, 0.0, 0.0, 0.0, 1.0],
                [0.975774, -0.093519, 0.197784, 0.025719, 0.217666, 0.50607, -0.834574, 0.719504, -0.022044, 0.857407, 0.514167, 0.305158, 0.0, 0.0, 0.0, 1.0],
                [0.991086, -0.079734, 0.106732, 0.023755, 0.133105, 0.558477, -0.818771, 0.727304, 0.005677, 0.825679, 0.564111, 0.312338, 0.0, 0.0, 0.0, 1.0],
                [0.998053, -0.060365, 0.015676, 0.021791, 0.049206, 0.607712, -0.792631, 0.735104, 0.038321, 0.791859, 0.6095, 0.319518, 0.0, 0.0, 0.0, 1.0],
                [0.996629, -0.035794, -0.073818, 0.019827, -0.032596, 0.652958, -0.756692, 0.742905, 0.075285, 0.756547, 0.649591, 0.326697, 0.0, 0.0, 0.0, 1.0],
                [0.997204, -0.031241, -0.067884, 0.015431, -0.031575, 0.647187, -0.761677, 0.745335, 0.067729, 0.761691, 0.644391, 0.329481, 0.0, 0.0, 0.0, 1.0],
                [0.997722, -0.026642, -0.06198, 0.011036, -0.030497, 0.641383, -0.766614, 0.747765, 0.060177, 0.766758, 0.63911, 0.332264, 0.0, 0.0, 0.0, 1.0],
                [0.998182, -0.021996, -0.056107, 0.006641, -0.029361, 0.635549, -0.771502, 0.750195, 0.052629, 0.771747, 0.633748, 0.335048, 0.0, 0.0, 0.0, 1.0],
                [0.998586, -0.017305, -0.050267, 0.002246, -0.028167, 0.629686, -0.776339, 0.752625, 0.045087, 0.776657, 0.628308, 0.337832, 0.0, 0.0, 0.0, 1.0],
                [0.999157, -0.026309, -0.031514, -0.002322, -0.008881, 0.610954, -0.791616, 0.750197, 0.040081, 0.791229, 0.610205, 0.335666, 0.0, 0.0, 0.0, 1.0],
                [0.999313, -0.034867, -0.01253, -0.00689, 0.010538, 0.591694, -0.806094, 0.747768, 0.03552, 0.805408, 0.591655, 0.3335, 0.0, 0.0, 0.0, 1.0],
                [0.999054, -0.042967, 0.00666, -0.011457, 0.030062, 0.571934, -0.819749, 0.74534, 0.031414, 0.819173, 0.572685, 0.331335, 0.0, 0.0, 0.0, 1.0],
                [0.99838, -0.050597, 0.026025, -0.016025, 0.049663, 0.551703, -0.832561, 0.742912, 0.027767, 0.832505, 0.553322, 0.329169, 0.0, 0.0, 0.0, 1.0],
                [0.997292, -0.057746, 0.045539, -0.020593, 0.069311, 0.531031, -0.844513, 0.740483, 0.024585, 0.845383, 0.533595, 0.327003, 0.0, 0.0, 0.0, 1.0],
                [0.996305, -0.067693, 0.052849, -0.021854, 0.080192, 0.51307, -0.854592, 0.735029, 0.030734, 0.855673, 0.516603, 0.326834, 0.0, 0.0, 0.0, 1.0],
                [0.995165, -0.077482, 0.060355, -0.023115, 0.090938, 0.494788, -0.864243, 0.729574, 0.0371, 0.865553, 0.499442, 0.326665, 0.0, 0.0, 0.0, 1.0],
                [0.993872, -0.087104, 0.068049, -0.024377, 0.101538, 0.476197, -0.873456, 0.72412, 0.043677, 0.875014, 0.482124, 0.326496, 0.0, 0.0, 0.0, 1.0],
                [0.992428, -0.096551, 0.075925, -0.025638, 0.111985, 0.457316, -0.882226, 0.718665, 0.050458, 0.884048, 0.464665, 0.326326, 0.0, 0.0, 0.0, 1.0],
                [0.990914, -0.102434, 0.087161, -0.022895, 0.124102, 0.44652, -0.886126, 0.71203, 0.051851, 0.888891, 0.455175, 0.324385, 0.0, 0.0, 0.0, 1.0],
                [0.989245, -0.10818, 0.098448, -0.020153, 0.136185, 0.435597, -0.88978, 0.705395, 0.053373, 0.893618, 0.445644, 0.322444, 0.0, 0.0, 0.0, 1.0],
                [0.987421, -0.113786, 0.109782, -0.01741, 0.148229, 0.424551, -0.893188, 0.698759, 0.055025, 0.898225, 0.436077, 0.320503, 0.0, 0.0, 0.0, 1.0],
                [0.985444, -0.119251, 0.121157, -0.014667, 0.160228, 0.413388, -0.896347, 0.692124, 0.056805, 0.902712, 0.426478, 0.318561, 0.0, 0.0, 0.0, 1.0],
                [0.984141, -0.121637, 0.129113, -0.013709, 0.168115, 0.407346, -0.897667, 0.687944, 0.056596, 0.905137, 0.421335, 0.316987, 0.0, 0.0, 0.0, 1.0],
                [0.982773, -0.12397, 0.137074, -0.012752, 0.175992, 0.401271, -0.898893, 0.683764, 0.056432, 0.907531, 0.416176, 0.315414, 0.0, 0.0, 0.0, 1.0],
                [0.981338, -0.12625, 0.145039, -0.011794, 0.183859, 0.395162, -0.900024, 0.679585, 0.056314, 0.909894, 0.411, 0.31384, 0.0, 0.0, 0.0, 1.0],
                [0.979838, -0.128477, 0.153007, -0.010836, 0.191714, 0.389023, -0.901059, 0.675405, 0.056242, 0.912225, 0.40581, 0.312266, 0.0, 0.0, 0.0, 1.0],
                [0.978272, -0.130649, 0.160977, -0.009879, 0.199556, 0.382852, -0.901999, 0.671225, 0.056215, 0.914524, 0.400606, 0.310692, 0.0, 0.0, 0.0, 1.0],
                [0.976822, -0.13145, 0.168936, -0.011832, 0.206908, 0.377647, -0.902536, 0.668408, 0.054841, 0.916572, 0.396092, 0.309002, 0.0, 0.0, 0.0, 1.0],
                [0.975311, -0.132207, 0.176888, -0.013784, 0.214255, 0.372426, -0.902991, 0.66559, 0.053504, 0.918597, 0.391558, 0.307312, 0.0, 0.0, 0.0, 1.0],
                [0.97374, -0.132918, 0.184833, -0.015737, 0.221596, 0.367191, -0.903364, 0.662773, 0.052204, 0.9206, 0.387003, 0.305622, 0.0, 0.0, 0.0, 1.0],
                [0.972109, -0.133583, 0.192769, -0.01769, 0.228931, 0.361941, -0.903653, 0.659955, 0.050942, 0.92258, 0.382427, 0.303932, 0.0, 0.0, 0.0, 1.0],
                [0.970635, -0.133658, 0.200009, -0.020297, 0.23545, 0.357436, -0.903771, 0.658145, 0.049306, 0.924324, 0.37841, 0.302341, 0.0, 0.0, 0.0, 1.0],
                [0.969112, -0.133697, 0.207239, -0.022904, 0.241966, 0.352924, -0.903824, 0.656335, 0.047699, 0.926051, 0.374373, 0.30075, 0.0, 0.0, 0.0, 1.0],
                [0.967539, -0.1337, 0.214459, -0.025511, 0.248477, 0.348405, -0.90381, 0.654525, 0.046121, 0.92776, 0.370317, 0.299158, 0.0, 0.0, 0.0, 1.0],
                [0.965918, -0.133668, 0.221667, -0.028118, 0.254984, 0.34388, -0.903731, 0.652715, 0.044573, 0.929451, 0.366242, 0.297567, 0.0, 0.0, 0.0, 1.0],
                [0.964319, -0.133483, 0.228629, -0.02946, 0.261229, 0.339518, -0.903597, 0.651545, 0.042991, 0.93108, 0.362273, 0.296772, 0.0, 0.0, 0.0, 1.0],
                [0.962675, -0.133266, 0.23558, -0.030801, 0.26747, 0.335151, -0.903401, 0.650375, 0.041438, 0.932692, 0.358286, 0.295976, 0.0, 0.0, 0.0, 1.0],
                [0.960985, -0.133015, 0.242518, -0.032142, 0.273706, 0.33078, -0.903144, 0.649205, 0.039911, 0.934287, 0.354281, 0.29518, 0.0, 0.0, 0.0, 1.0],
                [0.95925, -0.132731, 0.249444, -0.033483, 0.279936, 0.326405, -0.902826, 0.648035, 0.038413, 0.935865, 0.35026, 0.294385, 0.0, 0.0, 0.0, 1.0],
                [0.957829, -0.132479, 0.254976, -0.033599, 0.284916, 0.322902, -0.902528, 0.647892, 0.037234, 0.937115, 0.34703, 0.294341, 0.0, 0.0, 0.0, 1.0],
                [0.956379, -0.132206, 0.260499, -0.033715, 0.289892, 0.319396, -0.902191, 0.647749, 0.036073, 0.938354, 0.34379, 0.294298, 0.0, 0.0, 0.0, 1.0],
                [0.954901, -0.131912, 0.266014, -0.033831, 0.294863, 0.315888, -0.901815, 0.647606, 0.03493, 0.939582, 0.340538, 0.294254, 0.0, 0.0, 0.0, 1.0],
                [0.953393, -0.131597, 0.27152, -0.033947, 0.29983, 0.312379, -0.9014, 0.647463, 0.033805, 0.940798, 0.337277, 0.294211, 0.0, 0.0, 0.0, 1.0],
                [0.951858, -0.131261, 0.277016, -0.034063, 0.304792, 0.308867, -0.900946, 0.64732, 0.032698, 0.942004, 0.334005, 0.294167, 0.0, 0.0, 0.0, 1.0],
                [0.949898, -0.130811, 0.28387, -0.033701, 0.310984, 0.304477, -0.900324, 0.647851, 0.03134, 0.943495, 0.329902, 0.294682, 0.0, 0.0, 0.0, 1.0],
                [0.947894, -0.130328, 0.290709, -0.033339, 0.317169, 0.300084, -0.899641, 0.648383, 0.030011, 0.944968, 0.325783, 0.295196, 0.0, 0.0, 0.0, 1.0],
                [0.945846, -0.129811, 0.297532, -0.032976, 0.323345, 0.295688, -0.898897, 0.648915, 0.028711, 0.946423, 0.321649, 0.295711, 0.0, 0.0, 0.0, 1.0],
                [0.943753, -0.129262, 0.304339, -0.032614, 0.329512, 0.291291, -0.898093, 0.649446, 0.027438, 0.947861, 0.3175, 0.296226, 0.0, 0.0, 0.0, 1.0],
                [0.943113, -0.123719, 0.308597, -0.028423, 0.331526, 0.279929, -0.900961, 0.65799, 0.025081, 0.952015, 0.305021, 0.305133, 0.0, 0.0, 0.0, 1.0],
                [0.942452, -0.118121, 0.31278, -0.024232, 0.333566, 0.268532, -0.903672, 0.666534, 0.022751, 0.956001, 0.29248, 0.31404, 0.0, 0.0, 0.0, 1.0],
                [0.941771, -0.112469, 0.316887, -0.020041, 0.335632, 0.257104, -0.906228, 0.675078, 0.02045, 0.959817, 0.279881, 0.322947, 0.0, 0.0, 0.0, 1.0],
                [0.94107, -0.106765, 0.320917, -0.01585, 0.337722, 0.245647, -0.908626, 0.683621, 0.018178, 0.963462, 0.267228, 0.331855, 0.0, 0.0, 0.0, 1.0],
                [0.940237, -0.100575, 0.325329, -0.011253, 0.340171, 0.234109, -0.910756, 0.692067, 0.015437, 0.966994, 0.254331, 0.340904, 0.0, 0.0, 0.0, 1.0],
                [0.939377, -0.094327, 0.329656, -0.006656, 0.34265, 0.222547, -0.912723, 0.700512, 0.01273, 0.970348, 0.241377, 0.349954, 0.0, 0.0, 0.0, 1.0],
                [0.938491, -0.088023, 0.333896, -0.002059, 0.345157, 0.210965, -0.914527, 0.708957, 0.010059, 0.973522, 0.22837, 0.359004, 0.0, 0.0, 0.0, 1.0],
                [0.937579, -0.081664, 0.338048, 0.002538, 0.347693, 0.199364, -0.916168, 0.717402, 0.007424, 0.976517, 0.215314, 0.368053, 0.0, 0.0, 0.0, 1.0],
                [0.936641, -0.075254, 0.342111, 0.007134, 0.350257, 0.18775, -0.917644, 0.725847, 0.004825, 0.97933, 0.202212, 0.377103, 0.0, 0.0, 0.0, 1.0],
                [0.935286, -0.067181, 0.347457, 0.013091, 0.353888, 0.172867, -0.919174, 0.73651, 0.001687, 0.982651, 0.185455, 0.388446, 0.0, 0.0, 0.0, 1.0],
                [0.933889, -0.059021, 0.352659, 0.019048, 0.357561, 0.157967, -0.920433, 0.747174, -0.001384, 0.985679, 0.168627, 0.399788, 0.0, 0.0, 0.0, 1.0],
                [0.932449, -0.050776, 0.357715, 0.025004, 0.361274, 0.143056, -0.921421, 0.757837, -0.004387, 0.988411, 0.151737, 0.411131, 0.0, 0.0, 0.0, 1.0],
                [0.930969, -0.042451, 0.362621, 0.030961, 0.365024, 0.128142, -0.922137, 0.7685, -0.007322, 0.990847, 0.134792, 0.422474, 0.0, 0.0, 0.0, 1.0],
                [0.930131, -0.033708, 0.365677, 0.036565, 0.367078, 0.113785, -0.923205, 0.77934, -0.010489, 0.992933, 0.118209, 0.433834, 0.0, 0.0, 0.0, 1.0],
                [0.92926, -0.024917, 0.368585, 0.042168, 0.369175, 0.099417, -0.924027, 0.790181, -0.01362, 0.994734, 0.101582, 0.445195, 0.0, 0.0, 0.0, 1.0],
                [0.928356, -0.016081, 0.371344, 0.047772, 0.371316, 0.085042, -0.924604, 0.801021, -0.016712, 0.996248, 0.08492, 0.456555, 0.0, 0.0, 0.0, 1.0],
                [0.92742, -0.007204, 0.373952, 0.053376, 0.373498, 0.070669, -0.924935, 0.811862, -0.019764, 0.997474, 0.06823, 0.467915, 0.0, 0.0, 0.0, 1.0],
                [0.927928, 0.000685, 0.372759, 0.057817, 0.372103, 0.057588, -0.926403, 0.822982, -0.022101, 0.99834, 0.053183, 0.479243, 0.0, 0.0, 0.0, 1.0],
                [0.928415, 0.008557, 0.371446, 0.062258, 0.370738, 0.044482, -0.927672, 0.834102, -0.024461, 0.998974, 0.038126, 0.490571, 0.0, 0.0, 0.0, 1.0],
                [0.928881, 0.01641, 0.370013, 0.066699, 0.369403, 0.031356, -0.92874, 0.845222, -0.026842, 0.999374, 0.023064, 0.501899, 0.0, 0.0, 0.0, 1.0],
                [0.929327, 0.02424, 0.368462, 0.071141, 0.368099, 0.018212, -0.929608, 0.856342, -0.029244, 0.99954, 0.008003, 0.513226, 0.0, 0.0, 0.0, 1.0],
                [0.931864, 0.028716, 0.36167, 0.072931, 0.361556, 0.009259, -0.932304, 0.86551, -0.03012, 0.999545, -0.001754, 0.52205, 0.0, 0.0, 0.0, 1.0],
                [0.934349, 0.033126, 0.354816, 0.074721, 0.355003, 0.000272, -0.934865, 0.874678, -0.031065, 0.999451, -0.011505, 0.530874, 0.0, 0.0, 0.0, 1.0],
                [0.936782, 0.03747, 0.347901, 0.076511, 0.348439, -0.008745, -0.93729, 0.883847, -0.032078, 0.999259, -0.021249, 0.539699, 0.0, 0.0, 0.0, 1.0],
                [0.939163, 0.041747, 0.340926, 0.078301, 0.341868, -0.017792, -0.939579, 0.893015, -0.033159, 0.99897, -0.030982, 0.548523, 0.0, 0.0, 0.0, 1.0],
                [0.94149, 0.045956, 0.333893, 0.080091, 0.33529, -0.026866, -0.941732, 0.902184, -0.034308, 0.998582, -0.040702, 0.557347, 0.0, 0.0, 0.0, 1.0],
                [0.948925, 0.046464, 0.31206, 0.078084, 0.31375, -0.034917, -0.948864, 0.914532, -0.033191, 0.998309, -0.047712, 0.568023, 0.0, 0.0, 0.0, 1.0],
                [0.955866, 0.046786, 0.290055, 0.076076, 0.29203, -0.042979, -0.955443, 0.926881, -0.032235, 0.99798, -0.054745, 0.578699, 0.0, 0.0, 0.0, 1.0],
                [0.962305, 0.046922, 0.267896, 0.074069, 0.270151, -0.051043, -0.961464, 0.93923, -0.031439, 0.997593, -0.061795, 0.589375, 0.0, 0.0, 0.0, 1.0],
                [0.968237, 0.046871, 0.245602, 0.072061, 0.24813, -0.059103, -0.966922, 0.951578, -0.030805, 0.997151, -0.068855, 0.600051, 0.0, 0.0, 0.0, 1.0],
                [0.976548, 0.041941, 0.211176, 0.066332, 0.213544, -0.063644, -0.974858, 0.964685, -0.027447, 0.997091, -0.071107, 0.610054, 0.0, 0.0, 0.0, 1.0],
                [0.983616, 0.036849, 0.176472, 0.060602, 0.178651, -0.068009, -0.981559, 0.977791, -0.024168, 0.997004, -0.073478, 0.620058, 0.0, 0.0, 0.0, 1.0],
                [0.989425, 0.031605, 0.141558, 0.054873, 0.143518, -0.072189, -0.987011, 0.990897, -0.020975, 0.99689, -0.075962, 0.630061, 0.0, 0.0, 0.0, 1.0],
                [0.993967, 0.026219, 0.106501, 0.049143, 0.108215, -0.076177, -0.991205, 1.004004, -0.017875, 0.99675, -0.078555, 0.640065, 0.0, 0.0, 0.0, 1.0],
                [0.997443, 0.018937, 0.068904, 0.042449, 0.070191, -0.078753, -0.99442, 1.017123, -0.013405, 0.996714, -0.079881, 0.649848, 0.0, 0.0, 0.0, 1.0],
                [0.999447, 0.011558, 0.03119, 0.035755, 0.032026, -0.081051, -0.996195, 1.030242, -0.008986, 0.996643, -0.081377, 0.659631, 0.0, 0.0, 0.0, 1.0],
                [0.99997, 0.004096, -0.006557, 0.029061, -0.006195, -0.083065, -0.996525, 1.043362, -0.004626, 0.996536, -0.083037, 0.669414, 0.0, 0.0, 0.0, 1.0],
                [0.999014, -0.003431, -0.044254, 0.022367, -0.044386, -0.084791, -0.99541, 1.056481, -0.000337, 0.996393, -0.08486, 0.679198, 0.0, 0.0, 0.0, 1.0],
                [0.997797, -0.007569, -0.065902, 0.018406, -0.06631, -0.086455, -0.994047, 1.0653, 0.001827, 0.996227, -0.086766, 0.6861, 0.0, 0.0, 0.0, 1.0],
                [0.996094, -0.011744, -0.087518, 0.014445, -0.088214, -0.088027, -0.992204, 1.07412, 0.003949, 0.996049, -0.088719, 0.693003, 0.0, 0.0, 0.0, 1.0],
                [0.993904, -0.015953, -0.109087, 0.010483, -0.110082, -0.089508, -0.989884, 1.082939, 0.006027, 0.995858, -0.090718, 0.699905, 0.0, 0.0, 0.0, 1.0],
                [0.991231, -0.020192, -0.130592, 0.006522, -0.131897, -0.090895, -0.987087, 1.091759, 0.008061, 0.995656, -0.092761, 0.706808, 0.0, 0.0, 0.0, 1.0],
                [0.988075, -0.024458, -0.152017, 0.002561, -0.153644, -0.092188, -0.983817, 1.100578, 0.010048, 0.995441, -0.094846, 0.71371, 0.0, 0.0, 0.0, 1.0],
                [0.988801, -0.02402, -0.147292, 0.002514, -0.148881, -0.090626, -0.984693, 1.103719, 0.010304, 0.995595, -0.093187, 0.715258, 0.0, 0.0, 0.0, 1.0],
                [0.989505, -0.02359, -0.142562, 0.002468, -0.144115, -0.089062, -0.985545, 1.10686, 0.010552, 0.995747, -0.091527, 0.716805, 0.0, 0.0, 0.0, 1.0],
                [0.990185, -0.023167, -0.137828, 0.002422, -0.139345, -0.087496, -0.986371, 1.110001, 0.010792, 0.995895, -0.089866, 0.718353, 0.0, 0.0, 0.0, 1.0],
                [0.990843, -0.022752, -0.133091, 0.002375, -0.134571, -0.085928, -0.987171, 1.113142, 0.011024, 0.996042, -0.088203, 0.719901, 0.0, 0.0, 0.0, 1.0],
                [0.991618, -0.021981, -0.127321, 0.002315, -0.128737, -0.084263, -0.988092, 1.116015, 0.010991, 0.996201, -0.086387, 0.721367, 0.0, 0.0, 0.0, 1.0],
                [0.992359, -0.021221, -0.121546, 0.002256, -0.122898, -0.082594, -0.988976, 1.118887, 0.010948, 0.996357, -0.084571, 0.722833, 0.0, 0.0, 0.0, 1.0],
                [0.993066, -0.02047, -0.115765, 0.002196, -0.117055, -0.08092, -0.989823, 1.121759, 0.010894, 0.99651, -0.082755, 0.724299, 0.0, 0.0, 0.0, 1.0],
                [0.993738, -0.019728, -0.109978, 0.002136, -0.111208, -0.079241, -0.990633, 1.124631, 0.010829, 0.99666, -0.080939, 0.725766, 0.0, 0.0, 0.0, 1.0],
                [0.994291, -0.01898, -0.104999, 0.002085, -0.106169, -0.077911, -0.991291, 1.126736, 0.010634, 0.99678, -0.079481, 0.726774, 0.0, 0.0, 0.0, 1.0],
                [0.994819, -0.018239, -0.100015, 0.002035, -0.101128, -0.076577, -0.991922, 1.128841, 0.010433, 0.996897, -0.078025, 0.727783, 0.0, 0.0, 0.0, 1.0],
                [0.995321, -0.017504, -0.095028, 0.001985, -0.096084, -0.075239, -0.992525, 1.130947, 0.010223, 0.997012, -0.076569, 0.728791, 0.0, 0.0, 0.0, 1.0],
                [0.995797, -0.016776, -0.090037, 0.001934, -0.091038, -0.073898, -0.993102, 1.133052, 0.010007, 0.997125, -0.075115, 0.7298, 0.0, 0.0, 0.0, 1.0],
                [0.996248, -0.016055, -0.085043, 0.001884, -0.085991, -0.072552, -0.993651, 1.135157, 0.009783, 0.997235, -0.073661, 0.730808, 0.0, 0.0, 0.0, 1.0],
                [0.996823, -0.014889, -0.078241, 0.001821, -0.079105, -0.070908, -0.994341, 1.137614, 0.009257, 0.997372, -0.071861, 0.731897, 0.0, 0.0, 0.0, 1.0],
                [0.997351, -0.013735, -0.071433, 0.001758, -0.072217, -0.069256, -0.994982, 1.140072, 0.008719, 0.997504, -0.070064, 0.732986, 0.0, 0.0, 0.0, 1.0],
                [0.99783, -0.012592, -0.064619, 0.001695, -0.065326, -0.067595, -0.995572, 1.142529, 0.008168, 0.997633, -0.068271, 0.734074, 0.0, 0.0, 0.0, 1.0],
                [0.998262, -0.01146, -0.057801, 0.001633, -0.058433, -0.065926, -0.996112, 1.144987, 0.007605, 0.997759, -0.066481, 0.735163, 0.0, 0.0, 0.0, 1.0],
                [0.998735, -0.009365, -0.04941, 0.001556, -0.049911, -0.064271, -0.996684, 1.146769, 0.006158, 0.997888, -0.064658, 0.735575, 0.0, 0.0, 0.0, 1.0],
                [0.999132, -0.007283, -0.041011, 0.001479, -0.041388, -0.062599, -0.99718, 1.148551, 0.004696, 0.998012, -0.062846, 0.735986, 0.0, 0.0, 0.0, 1.0],
                [0.999455, -0.005216, -0.032606, 0.001402, -0.032863, -0.060908, -0.997602, 1.150333, 0.003218, 0.99813, -0.061046, 0.736398, 0.0, 0.0, 0.0, 1.0],
                [0.999702, -0.003163, -0.024195, 0.001326, -0.02434, -0.059199, -0.997949, 1.152115, 0.001724, 0.998241, -0.059259, 0.73681, 0.0, 0.0, 0.0, 1.0],
                [0.999881, -0.000881, -0.015382, 0.001246, -0.015407, -0.057473, -0.998228, 1.153517, -5e-06, 0.998347, -0.057479, 0.73681, 0.0, 0.0, 0.0, 1.0],
                [0.999978, 0.001386, -0.006563, 0.001165, -0.006476, -0.055725, -0.998425, 1.15492, -0.00175, 0.998445, -0.055715, 0.73681, 0.0, 0.0, 0.0, 1.0],
                [0.999991, 0.003637, 0.00226, 0.001085, 0.002453, -0.053958, -0.99854, 1.156322, -0.00351, 0.998537, -0.053966, 0.73681, 0.0, 0.0, 0.0, 1.0],
                [0.999921, 0.005873, 0.011086, 0.001005, 0.011378, -0.05217, -0.998573, 1.157725, -0.005286, 0.998621, -0.052233, 0.73681, 0.0, 0.0, 0.0, 1.0]
            ]
        },
        {
            "name": "Thigh_R",
            "time": [0.0, 0.0167, 0.0333, 0.05, 0.0667, 0.0833, 0.1, 0.1167, 0.1333, 0.15, 0.1667, 0.1833, 0.2, 0.2167, 0.2333, 0.25, 0.2667, 0.2833, 0.3, 0.3167, 0.3333, 0.35, 0.3667, 0.3833, 0.4, 0.4167, 0.4333, 0.45, 0.4667, 0.4833, 0.5, 0.5167, 0.5333, 0.55, 0.5667, 0.5833, 0.6, 0.6167, 0.6333, 0.65, 0.6667, 0.6833, 0.7, 0.7167, 0.7333, 0.75, 0.7667, 0.7833, 0.8, 0.8167, 0.8333, 0.85, 0.8667, 0.8833, 0.9, 0.9167, 0.9333, 0.95, 0.9667, 0.9833, 1.0, 1.0167, 1.0333, 1.05, 1.0667, 1.0833, 1.1, 1.1167, 1.1333, 1.15, 1.1667, 1.1833, 1.2, 1.2167, 1.2333, 1.25, 1.2667, 1.2833, 1.3, 1.3167, 1.3333, 1.35, 1.3667, 1.3833, 1.4, 1.4167, 1.4333, 1.45, 1.4667, 1.4833, 1.5, 1.5167, 1.5333, 1.55, 1.5667, 1.5833, 1.6, 1.6167, 1.6333, 1.65, 1.6667, 1.6833, 1.7, 1.7167, 1.7333, 1.75, 1.7667, 1.7833, 1.8, 1.8167, 1.8333, 1.85, 1.8667, 1.8833, 1.9, 1.9167, 1.9333, 1.95, 1.9667, 1.9833, 2.0, 2.0167, 2.0333, 2.05, 2.0667, 2.0833, 2.1, 2.1167, 2.1333, 2.15, 2.1667, 2.1833, 2.2, 2.2167, 2.2333, 2.25, 2.2667, 2.2833, 2.3, 2.3167, 2.3333, 2.35, 2.3667, 2.3833, 2.4, 2.4167, 2.4333, 2.45, 2.4667, 2.4833, 2.5, 2.5167, 2.5333, 2.55, 2.5667, 2.5833, 2.6, 2.6167, 2.6333, 2.65, 2.6667, 2.6833, 2.7, 2.7167, 2.7333, 2.75, 2.7667, 2.7833, 2.8, 2.8167, 2.8333, 2.85, 2.8667, 2.8833, 2.9, 2.9167, 2.9333, 2.95, 2.9667, 2.9833, 3.0, 3.0167, 3.0333, 3.05, 3.0667, 3.0833, 3.1, 3.1167, 3.1333, 3.15, 3.1667, 3.1833, 3.2, 3.2167, 3.2333, 3.25, 3.2667, 3.2833, 3.3, 3.3167, 3.3333, 3.35, 3.3667, 3.3833, 3.4, 3.4167, 3.4333, 3.45, 3.4667, 3.4833, 3.5, 3.5167, 3.5333, 3.55, 3.5667, 3.5833, 3.6, 3.6167, 3.6333],
            "transform": [
                [0.984269, 0.113137, 0.135693, 0.124994, 0.107923, -0.993131, 0.045209, -0.002831, 0.139876, -0.029854, -0.989719, -1.2e-05, 0.0, 0.0, 0.0, 1.0],
                [0.974736, 0.10131, 0.199061, 0.124994, 0.075518, -0.988214, 0.133154, -0.002831, 0.210205, -0.114757, -0.970899, -1.2e-05, 0.0, 0.0, 0.0, 1.0],
                [0.960194, 0.094961, 0.262698, 0.124994, 0.036722, -0.975193, 0.218291, -0.002831, 0.27691, -0.199954, -0.939861, -1.2e-05, 0.0, 0.0, 0.0, 1.0],
                [0.940876, 0.094265, 0.32537, 0.124994, -0.007774, -0.954241, 0.298938, -0.002831, 0.33866, -0.283793, -0.89709, -1.2e-05, 0.0, 0.0, 0.0, 1.0],
                [0.917202, 0.099181, 0.385881, 0.124994, -0.057059, -0.925838, 0.373589, -0.002831, 0.394316, -0.364675, -0.843521, -1.2e-05, 0.0, 0.0, 0.0, 1.0],
                [0.894203, 0.129226, 0.428605, 0.124994, -0.076417, -0.899314, 0.430575, -0.002831, 0.441092, -0.417774, -0.794294, -1.2e-05, 0.0, 0.0, 0.0, 1.0],
                [0.868671, 0.162112, 0.468114, 0.124994, -0.099086, -0.868988, 0.484811, -0.002831, 0.485379, -0.467524, -0.738802, -1.2e-05, 0.0, 0.0, 0.0, 1.0],
