{
    "animation": [
        {
            "name": "Root",
            "time": [0.0, 0.0167, 0.0333, 0.05, 0.0667, 0.0833, 0.1, 0.1167, 0.1333, 0.15, 0.1667, 0.1833, 0.2, 0.2167, 0.2333, 0.25, 0.2667, 0.2833, 0.3, 0.3167, 0.3333, 0.35, 0.3667, 0.3833, 0.4, 0.4167, 0.4333, 0.45, 0.4667, 0.4833, 0.5, 0.5167, 0.5333, 0.55, 0.5667, 0.5833, 0.6, 0.6167, 0.6333, 0.65, 0.6667, 0.6833, 0.7, 0.7167, 0.7333, 0.75, 0.7667, 0.7833, 0.8, 0.8167, 0.8333, 0.85, 0.8667, 0.8833, 0.9, 0.9167, 0.9333, 0.95, 0.9667, 0.9833, 1.0, 1.0167, 1.0333, 1.05, 1.0667, 1.0833, 1.1, 1.1167, 1.1333, 1.15, 1.1667, 1.1833, 1.2, 1.2167, 1.2333, 1.25, 1.2667, 1.2833, 1.3, 1.3167, 1.3333, 1.35, 1.3667, 1.3833, 1.4, 1.4167, 1.4333, 1.45, 1.4667, 1.4833, 1.5, 1.5167, 1.5333, 1.55, 1.5667, 1.5833, 1.6, 1.6167, 1.6333, 1.65, 1.6667, 1.6833, 1.7, 1.7167, 1.7333, 1.75, 1.7667, 1.7833, 1.8, 1.8167, 1.8333, 1.85, 1.8667, 1.8833, 1.9, 1.9167, 1.9333, 1.95, 1.9667, 1.9833, 2.0, 2.0167, 2.0333, 2.05, 2.0667, 2.0833, 2.1, 2.1167, 2.1333, 2.15, 2.1667, 2.1833, 2.2, 2.2167, 2.2333, 2.25, 2.2667, 2.2833, 2.3, 2.3167, 2.3333, 2.35, 2.3667, 2.3833, 2.4, 2.4167, 2.4333, 2.45, 2.4667, 2.4833, 2.5, 2.5167, 2.5333, 2.55, 2.5667, 2.5833, 2.6, 2.6167, 2.6333, 2.65, 2.6667, 2.6833, 2.7, 2.7167, 2.7333, 2.75, 2.7667, 2.7833, 2.8, 2.8167, 2.8333, 2.85, 2.8667, 2.8833, 2.9, 2.9167, 2.9333, 2.95, 2.9667, 2.9833, 3.0, 3.0167, 3.0333, 3.05, 3.0667, 3.0833, 3.1, 3.1167, 3.1333, 3.15, 3.1667],
            "transform": [
                [0.992227, 0.004827, -0.124344, 0.000113, -0.12438, 0.008074, -0.992202, 0.002785, -0.003786, 0.999956, 0.008612, 0.736738, 0.0, 0.0, 0.0, 1.0],
                [0.992227, 0.004827, -0.124344, 0.000113, -0.12438, 0.008074, -0.992202, 0.002785, -0.003786, 0.999956, 0.008612, 0.736738, 0.0, 0.0, 0.0, 1.0],
                [0.994799, 0.004445, -0.101761, -0.004297, -0.101788, 0.006253, -0.994786, -0.002608, -0.003786, 0.999971, 0.006673, 0.72921, 0.0, 0.0, 0.0, 1.0],
                [0.998064, 0.003941, -0.062066, -0.008722, -0.062079, 0.003204, -0.998066, -0.008001, -0.003735, 0.999987, 0.003442, 0.721681, 0.0, 0.0, 0.0, 1.0],
                [0.999674, 0.003606, -0.025277, -0.013415, -0.02528, 0.000769, -0.99968, -0.013249, -0.003585, 0.999993, 0.000859, 0.713883, 0.0, 0.0, 0.0, 1.0],
                [0.999921, 0.003392, 0.012063, -0.018109, 0.012069, -0.001714, -0.999925, -0.018497, -0.003371, 0.999993, -0.001755, 0.706085, 0.0, 0.0, 0.0, 1.0],
                [0.998938, 0.003302, 0.045953, -0.022979, 0.045966, -0.004146, -0.998934, -0.023687, -0.003108, 0.999986, -0.004293, 0.698111, 0.0, 0.0, 0.0, 1.0],
                [0.996881, 0.003349, 0.078843, -0.027849, 0.078864, -0.006614, -0.996863, -0.028878, -0.002817, 0.999972, -0.006857, 0.690137, 0.0, 0.0, 0.0, 1.0],
                [0.993664, 0.003613, 0.112333, -0.032802, 0.112361, -0.009064, -0.993626, -0.034099, -0.002571, 0.999952, -0.009413, 0.682079, 0.0, 0.0, 0.0, 1.0],
                [0.989389, 0.003974, 0.145236, -0.037754, 0.145273, -0.011508, -0.989324, -0.039321, -0.002261, 0.999925, -0.011963, 0.674021, 0.0, 0.0, 0.0, 1.0],
                [0.984217, 0.004374, 0.176908, -0.042695, 0.176952, -0.013948, -0.98412, -0.04466, -0.001837, 0.999893, -0.014502, 0.665974, 0.0, 0.0, 0.0, 1.0],
                [0.978262, 0.004699, 0.207316, -0.047634, 0.207366, -0.016439, -0.978125, -0.049999, -0.001188, 0.999854, -0.017056, 0.657926, 0.0, 0.0, 0.0, 1.0],
                [0.971642, 0.004824, 0.236406, -0.050964, 0.236455, -0.019043, -0.971455, -0.05554, -0.000184, 0.999807, -0.019644, 0.651516, 0.0, 0.0, 0.0, 1.0],
                [0.964591, 0.00475, 0.263706, -0.054294, 0.263746, -0.021807, -0.964345, -0.061082, 0.00117, 0.99975, -0.022287, 0.645107, 0.0, 0.0, 0.0, 1.0],
                [0.957392, 0.004442, 0.288758, -0.056556, 0.288777, -0.024781, -0.957075, -0.066913, 0.002905, 0.999683, -0.025008, 0.639735, 0.0, 0.0, 0.0, 1.0],
                [0.950219, 0.003877, 0.311557, -0.058815, 0.311541, -0.028014, -0.949819, -0.072745, 0.005045, 0.999599, -0.027827, 0.634363, 0.0, 0.0, 0.0, 1.0],
                [0.943206, 0.003034, 0.332192, -0.059175, 0.332119, -0.031551, -0.942709, -0.078954, 0.007621, 0.999497, -0.030767, 0.630672, 0.0, 0.0, 0.0, 1.0],
                [0.936759, 0.00186, 0.349969, -0.059532, 0.349811, -0.035437, -0.936149, -0.085163, 0.01066, 0.999369, -0.033847, 0.62698, 0.0, 0.0, 0.0, 1.0],
                [0.931388, 0.000484, 0.364026, -0.05727, 0.363759, -0.039604, -0.93065, -0.092195, 0.013966, 0.999214, -0.037063, 0.625612, 0.0, 0.0, 0.0, 1.0],
                [0.927013, -0.001726, 0.375025, -0.055006, 0.374585, -0.044399, -0.926129, -0.099227, 0.01825, 0.999011, -0.040512, 0.624243, 0.0, 0.0, 0.0, 1.0],
                [0.923655, -0.005733, 0.383182, -0.050377, 0.382434, -0.050403, -0.922607, -0.107168, 0.024603, 0.998712, -0.044363, 0.624945, 0.0, 0.0, 0.0, 1.0],
                [0.921213, -0.010386, 0.388919, -0.045745, 0.387766, -0.056895, -0.92, -0.115108, 0.031682, 0.998325, -0.048385, 0.625647, 0.0, 0.0, 0.0, 1.0],
                [0.919573, -0.014763, 0.392641, -0.038647, 0.391038, -0.063249, -0.918198, -0.123502, 0.038389, 0.997888, -0.052389, 0.627879, 0.0, 0.0, 0.0, 1.0],
                [0.918689, -0.019201, 0.394514, -0.031548, 0.3924, -0.069623, -0.917155, -0.131897, 0.045078, 0.997387, -0.056427, 0.630112, 0.0, 0.0, 0.0, 1.0],
                [0.918607, -0.023741, 0.394459, -0.024542, 0.391771, -0.075978, -0.91692, -0.140291, 0.051739, 0.996826, -0.060493, 0.633265, 0.0, 0.0, 0.0, 1.0],
                [0.918853, -0.028316, 0.393582, -0.017536, 0.390259, -0.082306, -0.917018, -0.148686, 0.05836, 0.996204, -0.064577, 0.636419, 0.0, 0.0, 0.0, 1.0],
                [0.918902, -0.032906, 0.393111, -0.010721, 0.389068, -0.089003, -0.916899, -0.156627, 0.06516, 0.995486, -0.068983, 0.639592, 0.0, 0.0, 0.0, 1.0],
                [0.918954, -0.03727, 0.392599, -0.003906, 0.38784, -0.094922, -0.916825, -0.164567, 0.071437, 0.994786, -0.072774, 0.642765, 0.0, 0.0, 0.0, 1.0],
                [0.919187, -0.041131, 0.391668, 0.001478, 0.386342, -0.098727, -0.917056, -0.171598, 0.076387, 0.994263, -0.074858, 0.645732, 0.0, 0.0, 0.0, 1.0],
                [0.919185, -0.044572, 0.391295, 0.006861, 0.3855, -0.101391, -0.91712, -0.178629, 0.080552, 0.993846, -0.076015, 0.648698, 0.0, 0.0, 0.0, 1.0],
                [0.918501, -0.047563, 0.392548, 0.009495, 0.386346, -0.103495, -0.916529, -0.184297, 0.084219, 0.993491, -0.076685, 0.651232, 0.0, 0.0, 0.0, 1.0],
                [0.917401, -0.050157, 0.39479, 0.012129, 0.38826, -0.104922, -0.915557, -0.189965, 0.087344, 0.993213, -0.076782, 0.653764, 0.0, 0.0, 0.0, 1.0],
                [0.915933, -0.052388, 0.397896, 0.01296, 0.391117, -0.105728, -0.914248, -0.194706, 0.089965, 0.993012, -0.07635, 0.655102, 0.0, 0.0, 0.0, 1.0],
                [0.914303, -0.054334, 0.401369, 0.013791, 0.394415, -0.105941, -0.912805, -0.199447, 0.092118, 0.992885, -0.075433, 0.65644, 0.0, 0.0, 0.0, 1.0],
                [0.912777, -0.056075, 0.404589, 0.013959, 0.397537, -0.105542, -0.911496, -0.204002, 0.093813, 0.992831, -0.074044, 0.657779, 0.0, 0.0, 0.0, 1.0],
                [0.911259, -0.057655, 0.407778, 0.014127, 0.400685, -0.104711, -0.910212, -0.208557, 0.095177, 0.992828, -0.072318, 0.659119, 0.0, 0.0, 0.0, 1.0],
                [0.909739, -0.059127, 0.410948, 0.013845, 0.403853, -0.103594, -0.908939, -0.212931, 0.096315, 0.992859, -0.070365, 0.66046, 0.0, 0.0, 0.0, 1.0],
                [0.90822, -0.060531, 0.414091, 0.013563, 0.407024, -0.102286, -0.907672, -0.217305, 0.097298, 0.99291, -0.06826, 0.661801, 0.0, 0.0, 0.0, 1.0],
                [0.906695, -0.061927, 0.417215, 0.01301, 0.410184, -0.100937, -0.906399, -0.221503, 0.098243, 0.992962, -0.066118, 0.663144, 0.0, 0.0, 0.0, 1.0],
                [0.905172, -0.063304, 0.420304, 0.012458, 0.413324, -0.099518, -0.905129, -0.225702, 0.099127, 0.993018, -0.063916, 0.664487, 0.0, 0.0, 0.0, 1.0],
                [0.903653, -0.06467, 0.423354, 0.011671, 0.416436, -0.098045, -0.903862, -0.22973, 0.099961, 0.993076, -0.061668, 0.665831, 0.0, 0.0, 0.0, 1.0],
                [0.90214, -0.066032, 0.42636, 0.010885, 0.419512, -0.096533, -0.902602, -0.233758, 0.100758, 0.993135, -0.059385, 0.667176, 0.0, 0.0, 0.0, 1.0],
                [0.900641, -0.067446, 0.429298, 0.009902, 0.422514, -0.095116, -0.901351, -0.237621, 0.101626, 0.993177, -0.057168, 0.668522, 0.0, 0.0, 0.0, 1.0],
                [0.899149, -0.068765, 0.432206, 0.008918, 0.425521, -0.093454, -0.900109, -0.241484, 0.102288, 0.993244, -0.054768, 0.669868, 0.0, 0.0, 0.0, 1.0],
                [0.897666, -0.069796, 0.435114, 0.007303, 0.42862, -0.091092, -0.89888, -0.245187, 0.102374, 0.993392, -0.051855, 0.671216, 0.0, 0.0, 0.0, 1.0],
                [0.89618, -0.070745, 0.438013, 0.005687, 0.431742, -0.088505, -0.897644, -0.248891, 0.102271, 0.993558, -0.048773, 0.672564, 0.0, 0.0, 0.0, 1.0],
                [0.894675, -0.071764, 0.440915, 0.00409, 0.434853, -0.086058, -0.896379, -0.25244, 0.102272, 0.9937, -0.045787, 0.673914, 0.0, 0.0, 0.0, 1.0],
                [0.893156, -0.072801, 0.443815, 0.002492, 0.437962, -0.083628, -0.895094, -0.255989, 0.102279, 0.993832, -0.042809, 0.675263, 0.0, 0.0, 0.0, 1.0],
                [0.891623, -0.073854, 0.446714, 0.000912, 0.441072, -0.081217, -0.893788, -0.259389, 0.102291, 0.993954, -0.03984, 0.676615, 0.0, 0.0, 0.0, 1.0],
                [0.890077, -0.074924, 0.44961, -0.000667, 0.44418, -0.078825, -0.892462, -0.262789, 0.102307, 0.994067, -0.036881, 0.677965, 0.0, 0.0, 0.0, 1.0],
                [0.888517, -0.076008, 0.452504, -0.00223, 0.447288, -0.076452, -0.891116, -0.266046, 0.102328, 0.994169, -0.033932, 0.679318, 0.0, 0.0, 0.0, 1.0],
                [0.886943, -0.077107, 0.455396, -0.003792, 0.450395, -0.0741, -0.889748, -0.269302, 0.102351, 0.994263, -0.030994, 0.680671, 0.0, 0.0, 0.0, 1.0],
                [0.885357, -0.078219, 0.458284, -0.005337, 0.453499, -0.071767, -0.888362, -0.272421, 0.102377, 0.994347, -0.028067, 0.682026, 0.0, 0.0, 0.0, 1.0],
                [0.883758, -0.079343, 0.461167, -0.006882, 0.456601, -0.069454, -0.886956, -0.275538, 0.102404, 0.994422, -0.025153, 0.68338, 0.0, 0.0, 0.0, 1.0],
                [0.882147, -0.080479, 0.464047, -0.008409, 0.4597, -0.067162, -0.88553, -0.278524, 0.102433, 0.994489, -0.022251, 0.684737, 0.0, 0.0, 0.0, 1.0],
                [0.880522, -0.081625, 0.466923, -0.009936, 0.462797, -0.064891, -0.884085, -0.28151, 0.102463, 0.994546, -0.019362, 0.686092, 0.0, 0.0, 0.0, 1.0],
                [0.878887, -0.082781, 0.469791, -0.011446, 0.465889, -0.062641, -0.882623, -0.284367, 0.102492, 0.994595, -0.016488, 0.68745, 0.0, 0.0, 0.0, 1.0],
                [0.877239, -0.083944, 0.472658, -0.012956, 0.468979, -0.060413, -0.88114, -0.287225, 0.102522, 0.994635, -0.013629, 0.688807, 0.0, 0.0, 0.0, 1.0],
                [0.875578, -0.085116, 0.475519, -0.014448, 0.472066, -0.058208, -0.879638, -0.289961, 0.10255, 0.994667, -0.010785, 0.690167, 0.0, 0.0, 0.0, 1.0],
                [0.873906, -0.086294, 0.478372, -0.01594, 0.475147, -0.056023, -0.87812, -0.292696, 0.102577, 0.99469, -0.007957, 0.691527, 0.0, 0.0, 0.0, 1.0],
                [0.872223, -0.087477, 0.481221, -0.017415, 0.478225, -0.053861, -0.876583, -0.295314, 0.1026, 0.994707, -0.005146, 0.692888, 0.0, 0.0, 0.0, 1.0],
                [0.870529, -0.088664, 0.484063, -0.018889, 0.481298, -0.051722, -0.875029, -0.297932, 0.102621, 0.994715, -0.002352, 0.694248, 0.0, 0.0, 0.0, 1.0],
                [0.868825, -0.089856, 0.486897, -0.020346, 0.484364, -0.049606, -0.873458, -0.301803, 0.102639, 0.994716, 0.000424, 0.695611, 0.0, 0.0, 0.0, 1.0],
                [0.867108, -0.091049, 0.489727, -0.021803, 0.487427, -0.047512, -0.871869, -0.305674, 0.102651, 0.99471, 0.003182, 0.696974, 0.0, 0.0, 0.0, 1.0],
                [0.865383, -0.092245, 0.492547, -0.023243, 0.490483, -0.045442, -0.870265, -0.310234, 0.102661, 0.994696, 0.00592, 0.698338, 0.0, 0.0, 0.0, 1.0],
                [0.863646, -0.093441, 0.495362, -0.024682, 0.493534, -0.043395, -0.868643, -0.314793, 0.102663, 0.994676, 0.008638, 0.699703, 0.0, 0.0, 0.0, 1.0],
                [0.861924, -0.094519, 0.498149, -0.026104, 0.49659, -0.041045, -0.867014, -0.317141, 0.102396, 0.994674, 0.011559, 0.701068, 0.0, 0.0, 0.0, 1.0],
                [0.860145, -0.095831, 0.500965, -0.027526, 0.499612, -0.039371, -0.865353, -0.319489, 0.102652, 0.994615, 0.014013, 0.702434, 0.0, 0.0, 0.0, 1.0],
                [0.858219, -0.097752, 0.503888, -0.027586, 0.502569, -0.039496, -0.863634, -0.316727, 0.104324, 0.994424, 0.015231, 0.703802, 0.0, 0.0, 0.0, 1.0],
                [0.856206, -0.10004, 0.506856, -0.027645, 0.505466, -0.040683, -0.861886, -0.313964, 0.106844, 0.994148, 0.015734, 0.705169, 0.0, 0.0, 0.0, 1.0],
                [0.854276, -0.101816, 0.509751, -0.026907, 0.508388, -0.040879, -0.860156, -0.303192, 0.108416, 0.99396, 0.01684, 0.706836, 0.0, 0.0, 0.0, 1.0],
                [0.852005, -0.105387, 0.512817, -0.026169, 0.511057, -0.045155, -0.858359, -0.292421, 0.113616, 0.993402, 0.015386, 0.708503, 0.0, 0.0, 0.0, 1.0],
                [0.848885, -0.113868, 0.516166, -0.017519, 0.512745, -0.059816, -0.856454, -0.248094, 0.128398, 0.99169, 0.007608, 0.713122, 0.0, 0.0, 0.0, 1.0],
                [0.844995, -0.123596, 0.520295, -0.008869, 0.514246, -0.079178, -0.853979, -0.203767, 0.146745, 0.989166, -0.003346, 0.71774, 0.0, 0.0, 0.0, 1.0],
                [0.840497, -0.134122, 0.524953, 0.001339, 0.515369, -0.101104, -0.850983, -0.140645, 0.167211, 0.98579, -0.015856, 0.721763, 0.0, 0.0, 0.0, 1.0],
                [0.835126, -0.139019, 0.5322, 0.011545, 0.519028, -0.121212, -0.846118, -0.077524, 0.182136, 0.98284, -0.029073, 0.725785, 0.0, 0.0, 0.0, 1.0],
                [0.828432, -0.129126, 0.545, 0.013162, 0.530208, -0.132777, -0.837406, -0.024982, 0.180495, 0.982695, -0.041533, 0.716748, 0.0, 0.0, 0.0, 1.0],
                [0.821326, -0.112383, 0.559279, 0.014778, 0.544165, -0.139873, -0.827236, 0.027558, 0.171196, 0.983768, -0.053727, 0.70771, 0.0, 0.0, 0.0, 1.0],
                [0.813688, -0.092901, 0.57383, 0.013998, 0.555531, -0.16639, -0.814677, 0.211186, 0.171165, 0.981671, -0.08378, 0.65998, 0.0, 0.0, 0.0, 1.0],
                [0.808427, -0.073291, 0.584015, 0.013221, 0.570408, -0.147193, -0.808064, 0.394814, 0.145187, 0.986385, -0.077189, 0.612249, 0.0, 0.0, 0.0, 1.0],
                [0.809269, -0.061261, 0.584234, 0.012204, 0.585538, 0.004214, -0.810633, 0.624578, 0.047199, 0.99811, 0.039281, 0.596681, 0.0, 0.0, 0.0, 1.0],
                [0.810443, -0.051037, 0.58359, 0.011195, 0.58077, 0.200486, -0.788993, 0.854344, -0.076734, 0.978363, 0.192124, 0.581114, 0.0, 0.0, 0.0, 1.0],
                [0.810123, -0.041211, 0.584808, 0.010087, 0.551883, 0.390167, -0.737016, 1.106027, -0.1978, 0.919818, 0.338828, 0.57525, 0.0, 0.0, 0.0, 1.0],
                [0.79956, -0.016772, 0.600352, 0.008975, 0.515794, 0.531255, -0.672102, 1.357709, -0.307669, 0.847042, 0.433422, 0.569387, 0.0, 0.0, 0.0, 1.0],
                [0.757278, 0.041039, 0.651801, 0.013734, 0.516867, 0.572409, -0.636548, 1.672793, -0.399221, 0.818937, 0.412262, 0.579889, 0.0, 0.0, 0.0, 1.0],
                [0.720212, 0.087015, 0.688274, 0.018491, 0.532264, 0.567007, -0.628646, 1.987877, -0.44496, 0.8191, 0.362051, 0.590391, 0.0, 0.0, 0.0, 1.0],
                [0.742122, 0.066005, 0.667007, 0.032693, 0.534597, 0.541977, -0.648432, 2.103666, -0.404304, 0.837793, 0.366928, 0.562368, 0.0, 0.0, 0.0, 1.0],
                [0.779407, 0.028894, 0.625851, 0.046825, 0.544889, 0.461776, -0.699898, 2.218986, -0.309227, 0.886522, 0.344168, 0.53404, 0.0, 0.0, 0.0, 1.0],
                [0.807016, 0.009368, 0.590454, 0.054966, 0.570018, 0.248871, -0.783033, 2.297059, -0.154283, 0.968488, 0.195504, 0.481628, 0.0, 0.0, 0.0, 1.0],
                [0.828271, -0.011443, 0.56021, 0.063107, 0.56028, 0.029877, -0.827763, 2.375133, -0.007265, 0.999484, 0.031158, 0.429216, 0.0, 0.0, 0.0, 1.0],
                [0.841147, -0.022609, 0.540332, 0.060183, 0.539383, -0.037327, -0.841232, 2.397836, 0.039189, 0.999044, -0.019203, 0.43919, 0.0, 0.0, 0.0, 1.0],
                [0.851456, -0.026895, 0.523735, 0.057261, 0.522145, -0.049554, -0.851415, 2.420541, 0.048852, 0.998406, -0.02815, 0.449164, 0.0, 0.0, 0.0, 1.0],
                [0.861439, -0.031426, 0.506886, 0.053498, 0.504651, -0.059045, -0.861301, 2.432831, 0.056997, 0.997757, -0.035005, 0.470628, 0.0, 0.0, 0.0, 1.0],
                [0.870351, -0.034315, 0.491232, 0.049735, 0.488872, -0.05949, -0.870324, 2.445123, 0.059089, 0.997635, -0.035002, 0.492091, 0.0, 0.0, 0.0, 1.0],
                [0.878076, -0.037698, 0.477032, 0.046234, 0.474348, -0.062771, -0.878096, 2.458375, 0.063047, 0.997312, -0.037236, 0.509245, 0.0, 0.0, 0.0, 1.0],
                [0.884395, -0.040828, 0.464947, 0.042733, 0.461944, -0.065823, -0.884462, 2.471628, 0.066716, 0.996992, -0.039353, 0.526399, 0.0, 0.0, 0.0, 1.0],
                [0.889144, -0.043816, 0.455523, 0.043702, 0.452088, -0.070286, -0.889199, 2.493956, 0.070978, 0.996561, -0.042686, 0.529256, 0.0, 0.0, 0.0, 1.0],
                [0.892122, -0.046421, 0.449402, 0.044669, 0.445585, -0.073934, -0.89218, 2.516282, 0.074642, 0.996179, -0.045273, 0.532115, 0.0, 0.0, 0.0, 1.0],
                [0.892866, -0.048279, 0.447724, 0.045635, 0.443791, -0.074342, -0.89304, 2.533342, 0.0764, 0.99606, -0.044952, 0.529516, 0.0, 0.0, 0.0, 1.0],
                [0.891924, -0.049697, 0.449444, 0.046599, 0.445493, -0.073771, -0.89224, 2.550402, 0.077498, 0.996032, -0.043659, 0.526918, 0.0, 0.0, 0.0, 1.0],
                [0.889417, -0.050907, 0.454251, 0.046513, 0.450244, -0.073845, -0.889846, 2.555701, 0.078844, 0.995966, -0.042758, 0.524706, 0.0, 0.0, 0.0, 1.0],
                [0.885874, -0.051943, 0.461008, 0.046424, 0.45695, -0.073973, -0.88641, 2.561, 0.080145, 0.995903, -0.041795, 0.522493, 0.0, 0.0, 0.0, 1.0],
                [0.881896, -0.052916, 0.468463, 0.046337, 0.46436, -0.074092, -0.882541, 2.563591, 0.08141, 0.995842, -0.04077, 0.520297, 0.0, 0.0, 0.0, 1.0],
                [0.877425, -0.053825, 0.476683, 0.046247, 0.47254, -0.074211, -0.878178, 2.566184, 0.082643, 0.995785, -0.039681, 0.5181, 0.0, 0.0, 0.0, 1.0],
                [0.872566, -0.054695, 0.485422, 0.046157, 0.481244, -0.074322, -0.873429, 2.567083, 0.083851, 0.995729, -0.038529, 0.515917, 0.0, 0.0, 0.0, 1.0],
                [0.867465, -0.055558, 0.494384, 0.046067, 0.490174, -0.07441, -0.868441, 2.567982, 0.085036, 0.995675, -0.037315, 0.513733, 0.0, 0.0, 0.0, 1.0],
                [0.86235, -0.056454, 0.503153, 0.045978, 0.498917, -0.074453, -0.863444, 2.568197, 0.086207, 0.995621, -0.036039, 0.511561, 0.0, 0.0, 0.0, 1.0],
                [0.857147, -0.057379, 0.511864, 0.045888, 0.507606, -0.074464, -0.858364, 2.568414, 0.087368, 0.995567, -0.0347, 0.509389, 0.0, 0.0, 0.0, 1.0],
                [0.851856, -0.058336, 0.520517, 0.045798, 0.516241, -0.074443, -0.853201, 2.568964, 0.088521, 0.995513, -0.0333, 0.507225, 0.0, 0.0, 0.0, 1.0],
                [0.846476, -0.05933, 0.529109, 0.045709, 0.524819, -0.074397, -0.847955, 2.569512, 0.089674, 0.995457, -0.031838, 0.505062, 0.0, 0.0, 0.0, 1.0],
                [0.841222, -0.060399, 0.537304, 0.04562, 0.533004, -0.074306, -0.842842, 2.570202, 0.090832, 0.9954, -0.030315, 0.502904, 0.0, 0.0, 0.0, 1.0],
                [0.835457, -0.061451, 0.546108, 0.04553, 0.541801, -0.074241, -0.837221, 2.570891, 0.091992, 0.99534, -0.028731, 0.500748, 0.0, 0.0, 0.0, 1.0],
                [0.828427, -0.062392, 0.55661, 0.045439, 0.552295, -0.074294, -0.830331, 2.571044, 0.093159, 0.995278, -0.027089, 0.498595, 0.0, 0.0, 0.0, 1.0],
                [0.820526, -0.063273, 0.568095, 0.045347, 0.563772, -0.074421, -0.82257, 2.571196, 0.094326, 0.995213, -0.025393, 0.496443, 0.0, 0.0, 0.0, 1.0],
                [0.81181, -0.064103, 0.580391, 0.045254, 0.576061, -0.074616, -0.813993, 2.571103, 0.095487, 0.995145, -0.023647, 0.494293, 0.0, 0.0, 0.0, 1.0],
                [0.802607, -0.06492, 0.592964, 0.045162, 0.588627, -0.074844, -0.804931, 2.571008, 0.096637, 0.995075, -0.021857, 0.492143, 0.0, 0.0, 0.0, 1.0],
                [0.793362, -0.065776, 0.605185, 0.045068, 0.600846, -0.075059, -0.795832, 2.570956, 0.097772, 0.995002, -0.020028, 0.491224, 0.0, 0.0, 0.0, 1.0],
                [0.783932, -0.066641, 0.617258, 0.044975, 0.612921, -0.075278, -0.786549, 2.570906, 0.098883, 0.994928, -0.018167, 0.490306, 0.0, 0.0, 0.0, 1.0],
                [0.77432, -0.067508, 0.629182, 0.044509, 0.624848, -0.075499, -0.777087, 2.571184, 0.099963, 0.994853, -0.016279, 0.48939, 0.0, 0.0, 0.0, 1.0],
                [0.764531, -0.068369, 0.640951, 0.044043, 0.636624, -0.075723, -0.767447, 2.571464, 0.101005, 0.994777, -0.014367, 0.488474, 0.0, 0.0, 0.0, 1.0],
                [0.754425, -0.069199, 0.652728, 0.043528, 0.648412, -0.075964, -0.757489, 2.57199, 0.102002, 0.994701, -0.01244, 0.48867, 0.0, 0.0, 0.0, 1.0],
                [0.744437, -0.070041, 0.664009, 0.043014, 0.659709, -0.076175, -0.74765, 2.572516, 0.102947, 0.994626, -0.010501, 0.488867, 0.0, 0.0, 0.0, 1.0],
                [0.73492, -0.070946, 0.674432, 0.042453, 0.670154, -0.076321, -0.738287, 2.573045, 0.103853, 0.994551, -0.008545, 0.489161, 0.0, 0.0, 0.0, 1.0],
                [0.726086, -0.071872, 0.683836, 0.041893, 0.679592, -0.076364, -0.729604, 2.573576, 0.104659, 0.994481, -0.006604, 0.489455, 0.0, 0.0, 0.0, 1.0],
                [0.718276, -0.072814, 0.691937, 0.041285, 0.687739, -0.076252, -0.721941, 2.57416, 0.10533, 0.994421, -0.004693, 0.489944, 0.0, 0.0, 0.0, 1.0],
                [0.711508, -0.073703, 0.698801, 0.040678, 0.694666, -0.075965, -0.715309, 2.574744, 0.105805, 0.994377, -0.00285, 0.490432, 0.0, 0.0, 0.0, 1.0],
                [0.705842, -0.074465, 0.704444, 0.040025, 0.700391, -0.075466, -0.709758, 2.575433, 0.106014, 0.994359, -0.001113, 0.49138, 0.0, 0.0, 0.0, 1.0],
                [0.701472, -0.075099, 0.708729, 0.039373, 0.704778, -0.074737, -0.70548, 2.576123, 0.10595, 0.994366, 0.000502, 0.492327, 0.0, 0.0, 0.0, 1.0],
                [0.698487, -0.075579, 0.71162, 0.038673, 0.70779, -0.073757, -0.702561, 2.576969, 0.105586, 0.994403, 0.001976, 0.493947, 0.0, 0.0, 0.0, 1.0],
                [0.697241, -0.075902, 0.712806, 0.037977, 0.709119, -0.072483, -0.701352, 2.577816, 0.104901, 0.994472, 0.003285, 0.495566, 0.0, 0.0, 0.0, 1.0],
                [0.698141, -0.076057, 0.711909, 0.037232, 0.708387, -0.070867, -0.702257, 2.578869, 0.103863, 0.994577, 0.004403, 0.498185, 0.0, 0.0, 0.0, 1.0],
                [0.701054, -0.07602, 0.709044, 0.036491, 0.705707, -0.06892, -0.705143, 2.579922, 0.102473, 0.994716, 0.005331, 0.500805, 0.0, 0.0, 0.0, 1.0],
                [0.705733, -0.075693, 0.704422, 0.035701, 0.701287, -0.066669, -0.709754, 2.581234, 0.100687, 0.994894, 0.006032, 0.504752, 0.0, 0.0, 0.0, 1.0],
                [0.712833, -0.075261, 0.697283, 0.034914, 0.694367, -0.064049, -0.716765, 2.582547, 0.098605, 0.995099, 0.006602, 0.5087, 0.0, 0.0, 0.0, 1.0],
                [0.722993, -0.075119, 0.686759, 0.034082, 0.684062, -0.06122, -0.726849, 2.584077, 0.096644, 0.995288, 0.007125, 0.513692, 0.0, 0.0, 0.0, 1.0],
                [0.735768, -0.074469, 0.673126, 0.033252, 0.670705, -0.057551, -0.739488, 2.585606, 0.093808, 0.995555, 0.007603, 0.518684, 0.0, 0.0, 0.0, 1.0],
                [0.751051, -0.072224, 0.656281, 0.031874, 0.654252, -0.052192, -0.754473, 2.587264, 0.088745, 0.996016, 0.008054, 0.524357, 0.0, 0.0, 0.0, 1.0],
                [0.76826, -0.069383, 0.636366, 0.030498, 0.634741, -0.046242, -0.77134, 2.588921, 0.082945, 0.996512, 0.008514, 0.53003, 0.0, 0.0, 0.0, 1.0],
                [0.786923, -0.066799, 0.613424, 0.029126, 0.612156, -0.040462, -0.789701, 2.590683, 0.077572, 0.99694, 0.009051, 0.536287, 0.0, 0.0, 0.0, 1.0],
                [0.806558, -0.06409, 0.587669, 0.027755, 0.586721, -0.034733, -0.809044, 2.592448, 0.072264, 0.997334, 0.009589, 0.542544, 0.0, 0.0, 0.0, 1.0],
                [0.826666, -0.061235, 0.559351, 0.026385, 0.558665, -0.029412, -0.828871, 2.594297, 0.067208, 0.997684, 0.009896, 0.549287, 0.0, 0.0, 0.0, 1.0],
                [0.846895, -0.058103, 0.528576, 0.025019, 0.528144, -0.023821, -0.84882, 2.596145, 0.061911, 0.99802, 0.010513, 0.55603, 0.0, 0.0, 0.0, 1.0],
                [0.867004, -0.054397, 0.495322, 0.023645, 0.495178, -0.017052, -0.868624, 2.598072, 0.055697, 0.998368, 0.012152, 0.563042, 0.0, 0.0, 0.0, 1.0],
                [0.886496, -0.050183, 0.460007, 0.022273, 0.460111, -0.010149, -0.887803, 2.599998, 0.049222, 0.998682, 0.014093, 0.570054, 0.0, 0.0, 0.0, 1.0],
                [0.904878, -0.045652, 0.423214, 0.020921, 0.42349, -0.003921, -0.905891, 2.601943, 0.043016, 0.998944, 0.015785, 0.576998, 0.0, 0.0, 0.0, 1.0],
                [0.921939, -0.0407, 0.385191, 0.019567, 0.385581, 0.001889, -0.922672, 2.603888, 0.036826, 0.999164, 0.017435, 0.583941, 0.0, 0.0, 0.0, 1.0],
                [0.937419, -0.035306, 0.346409, 0.018208, 0.346856, 0.007264, -0.937889, 2.605867, 0.030597, 0.999344, 0.019056, 0.590929, 0.0, 0.0, 0.0, 1.0],
                [0.951148, -0.029523, 0.30732, 0.016848, 0.307773, 0.012156, -0.951382, 2.607844, 0.024352, 0.999484, 0.020649, 0.597917, 0.0, 0.0, 0.0, 1.0],
                [0.963059, -0.023117, 0.268292, 0.015489, 0.268696, 0.016606, -0.963081, 2.609827, 0.017808, 0.999589, 0.022205, 0.604888, 0.0, 0.0, 0.0, 1.0],
                [0.973121, -0.016895, 0.229671, 0.01413, 0.229993, 0.020456, -0.972976, 2.611808, 0.01174, 0.999642, 0.023792, 0.611859, 0.0, 0.0, 0.0, 1.0],
                [0.98138, -0.011887, 0.191701, 0.012771, 0.191937, 0.023665, -0.981121, 2.61377, 0.007126, 0.999643, 0.025506, 0.618796, 0.0, 0.0, 0.0, 1.0],
                [0.987872, -0.00726, 0.155096, 0.01141, 0.155235, 0.026454, -0.987522, 2.615734, 0.003066, 0.999617, 0.027261, 0.625734, 0.0, 0.0, 0.0, 1.0],
                [0.992705, -0.002196, 0.120538, 0.010606, 0.120551, 0.029099, -0.992279, 2.617657, -0.001329, 0.999568, 0.029152, 0.632322, 0.0, 0.0, 0.0, 1.0],
                [0.996087, 0.002382, 0.088336, 0.0098, 0.08822, 0.031052, -0.995616, 2.61958, -0.005115, 0.999509, 0.03072, 0.638909, 0.0, 0.0, 0.0, 1.0],
                [0.998219, 0.005481, 0.059382, 0.009138, 0.05918, 0.031759, -0.997741, 2.621445, -0.007355, 0.999474, 0.031379, 0.644934, 0.0, 0.0, 0.0, 1.0],
                [0.99944, 0.007895, 0.032497, 0.008474, 0.03223, 0.031884, -0.998971, 2.62331, -0.008923, 0.999454, 0.031612, 0.650959, 0.0, 0.0, 0.0, 1.0],
                [0.99993, 0.010609, 0.004972, 0.008123, 0.004629, 0.032072, -0.999474, 2.625096, -0.010763, 0.999423, 0.032021, 0.656557, 0.0, 0.0, 0.0, 1.0],
                [0.999763, 0.01228, -0.017904, 0.007769, -0.018282, 0.03142, -0.999338, 2.62688, -0.011709, 0.999424, 0.031637, 0.662155, 0.0, 0.0, 0.0, 1.0],
                [0.9994, 0.01252, -0.032255, 0.00789, -0.032613, 0.029571, -0.999029, 2.628635, -0.011554, 0.999478, 0.029962, 0.667462, 0.0, 0.0, 0.0, 1.0],
                [0.999092, 0.011444, -0.041016, 0.008006, -0.04131, 0.026738, -0.998787, 2.630389, -0.010334, 0.99957, 0.027187, 0.672769, 0.0, 0.0, 0.0, 1.0],
                [0.998906, 0.009017, -0.045854, 0.008822, -0.04605, 0.0229, -0.998675, 2.632155, -0.007955, 0.999691, 0.02329, 0.676876, 0.0, 0.0, 0.0, 1.0],
                [0.998887, 0.005493, -0.046817, 0.009634, -0.04691, 0.018232, -0.998731, 2.633921, -0.004633, 0.999812, 0.018469, 0.680982, 0.0, 0.0, 0.0, 1.0],
                [0.999008, 0.001075, -0.04448, 0.010945, -0.044491, 0.012839, -0.998926, 2.635678, -0.000503, 0.99991, 0.012875, 0.684896, 0.0, 0.0, 0.0, 1.0],
                [0.999221, -0.003989, -0.039225, 0.012253, -0.039197, 0.006853, -0.999207, 2.637437, 0.004254, 0.999962, 0.006692, 0.688808, 0.0, 0.0, 0.0, 1.0],
                [0.99945, -0.009461, -0.031735, 0.013581, -0.031732, 0.000402, -0.999495, 2.639164, 0.009469, 0.999949, 0.000102, 0.692528, 0.0, 0.0, 0.0, 1.0],
                [0.999646, -0.015123, -0.02182, 0.014907, -0.021918, -0.006379, -0.999738, 2.640892, 0.01498, 0.999859, -0.006708, 0.696247, 0.0, 0.0, 0.0, 1.0],
                [0.999745, -0.020691, -0.008926, 0.016253, -0.009202, -0.013282, -0.999868, 2.642567, 0.02057, 0.999691, -0.013469, 0.699773, 0.0, 0.0, 0.0, 1.0],
                [0.999649, -0.026042, 0.004591, 0.017598, 0.004062, -0.020302, -0.999784, 2.644242, 0.026129, 0.999448, -0.020189, 0.703299, 0.0, 0.0, 0.0, 1.0],
                [0.999314, -0.031534, 0.019319, 0.018964, 0.018451, -0.027597, -0.999447, 2.645841, 0.03205, 0.999115, -0.026997, 0.705933, 0.0, 0.0, 0.0, 1.0],
                [0.998794, -0.036691, 0.032586, 0.020331, 0.031311, -0.034803, -0.998902, 2.64744, 0.037785, 0.998714, -0.033613, 0.708568, 0.0, 0.0, 0.0, 1.0],
                [0.998182, -0.04161, 0.043567, 0.021721, 0.04183, -0.041754, -0.99825, 2.648942, 0.043357, 0.998255, -0.039937, 0.711158, 0.0, 0.0, 0.0, 1.0],
                [0.997538, -0.046134, 0.052791, 0.023112, 0.05056, -0.048255, -0.997553, 2.650445, 0.048569, 0.997763, -0.045804, 0.713749, 0.0, 0.0, 0.0, 1.0],
                [0.996889, -0.050302, 0.060649, 0.023593, 0.057905, -0.054339, -0.99684, 2.651839, 0.053439, 0.997249, -0.051258, 0.71627, 0.0, 0.0, 0.0, 1.0],
                [0.996382, -0.053521, 0.066004, 0.024072, 0.062821, -0.059121, -0.99627, 2.653229, 0.057224, 0.996809, -0.055545, 0.718789, 0.0, 0.0, 0.0, 1.0],
                [0.996187, -0.054971, 0.06772, 0.024238, 0.064324, -0.061361, -0.996039, 2.654466, 0.058909, 0.996595, -0.057592, 0.72115, 0.0, 0.0, 0.0, 1.0],
                [0.996248, -0.055529, 0.066366, 0.024406, 0.062886, -0.062235, -0.996076, 2.655703, 0.059441, 0.99651, -0.05851, 0.723511, 0.0, 0.0, 0.0, 1.0],
                [0.996512, -0.055989, 0.061859, 0.023731, 0.058316, -0.062847, -0.996316, 2.656722, 0.059671, 0.996447, -0.059363, 0.725461, 0.0, 0.0, 0.0, 1.0],
                [0.996962, -0.05539, 0.054732, 0.023059, 0.051277, -0.061978, -0.996757, 2.65774, 0.058603, 0.996535, -0.05895, 0.72741, 0.0, 0.0, 0.0, 1.0],
                [0.997559, -0.052544, 0.045954, 0.021552, 0.042873, -0.058345, -0.997373, 2.658508, 0.055087, 0.996908, -0.05595, 0.72865, 0.0, 0.0, 0.0, 1.0],
                [0.998226, -0.048732, 0.034151, 0.020048, 0.031536, -0.053443, -0.998071, 2.659276, 0.050464, 0.997377, -0.051812, 0.72989, 0.0, 0.0, 0.0, 1.0],
                [0.998837, -0.04514, 0.016851, 0.01823, 0.014653, -0.048603, -0.998709, 2.65986, 0.045901, 0.997794, -0.047885, 0.730715, 0.0, 0.0, 0.0, 1.0],
                [0.99916, -0.040912, -0.001797, 0.016414, -0.003559, -0.043018, -0.999066, 2.660446, 0.040797, 0.998232, -0.043127, 0.73154, 0.0, 0.0, 0.0, 1.0],
                [0.999213, -0.035361, -0.017931, 0.014477, -0.019201, -0.035912, -0.999169, 2.660918, 0.034688, 0.998726, -0.036563, 0.732271, 0.0, 0.0, 0.0, 1.0],
                [0.999008, -0.029305, -0.033491, 0.012541, -0.034325, -0.028447, -0.999004, 2.66139, 0.028323, 0.999163, -0.029425, 0.733003, 0.0, 0.0, 0.0, 1.0],
                [0.998511, -0.023502, -0.049206, 0.010532, -0.049716, -0.021632, -0.998528, 2.661815, 0.022403, 0.999487, -0.022768, 0.733665, 0.0, 0.0, 0.0, 1.0],
                [0.99774, -0.017716, -0.064808, 0.008523, -0.065078, -0.015116, -0.997765, 2.662241, 0.016697, 0.999727, -0.016234, 0.734327, 0.0, 0.0, 0.0, 1.0],
                [0.996686, -0.011973, -0.080451, 0.006449, -0.08056, -0.008894, -0.996709, 2.662689, 0.011219, 0.999887, -0.009829, 0.734943, 0.0, 0.0, 0.0, 1.0],
                [0.995384, -0.006286, -0.095762, 0.004376, -0.095782, -0.002965, -0.995397, 2.663137, 0.005973, 0.999975, -0.003553, 0.735558, 0.0, 0.0, 0.0, 1.0],
                [0.993505, 0.00065, -0.113782, 0.002248, -0.113784, 0.004034, -0.993497, 2.663676, -0.000186, 0.999991, 0.004082, 0.736151, 0.0, 0.0, 0.0, 1.0],
                [0.992227, 0.004827, -0.124344, 0.000114, -0.12438, 0.008074, -0.992202, 2.664214, -0.003786, 0.999956, 0.008612, 0.736743, 0.0, 0.0, 0.0, 1.0],
                [0.992227, 0.004827, -0.124344, 0.000114, -0.12438, 0.008074, -0.992202, 2.664214, -0.003786, 0.999956, 0.008612, 0.736743, 0.0, 0.0, 0.0, 1.0]
            ]
        },
        {
            "name": "Thigh_R",
            "time": [0.0, 0.0167, 0.0333, 0.05, 0.0667, 0.0833, 0.1, 0.1167, 0.1333, 0.15, 0.1667, 0.1833, 0.2, 0.2167, 0.2333, 0.25, 0.2667, 0.2833, 0.3, 0.3167, 0.3333, 0.35, 0.3667, 0.3833, 0.4, 0.4167, 0.4333, 0.45, 0.4667, 0.4833, 0.5, 0.5167, 0.5333, 0.55, 0.5667, 0.5833, 0.6, 0.6167, 0.6333, 0.65, 0.6667, 0.6833, 0.7, 0.7167, 0.7333, 0.75, 0.7667, 0.7833, 0.8, 0.8167, 0.8333, 0.85, 0.8667, 0.8833, 0.9, 0.9167, 0.9333, 0.95, 0.9667, 0.9833, 1.0, 1.0167, 1.0333, 1.05, 1.0667, 1.0833, 1.1, 1.1167, 1.1333, 1.15, 1.1667, 1.1833, 1.2, 1.2167, 1.2333, 1.25, 1.2667, 1.2833, 1.3, 1.3167, 1.3333, 1.35, 1.3667, 1.3833, 1.4, 1.4167, 1.4333, 1.45, 1.4667, 1.4833, 1.5, 1.5167, 1.5333, 1.55, 1.5667, 1.5833, 1.6, 1.6167, 1.6333, 1.65, 1.6667, 1.6833, 1.7, 1.7167, 1.7333, 1.75, 1.7667, 1.7833, 1.8, 1.8167, 1.8333, 1.85, 1.8667, 1.8833, 1.9, 1.9167, 1.9333, 1.95, 1.9667, 1.9833, 2.0, 2.0167, 2.0333, 2.05, 2.0667, 2.0833, 2.1, 2.1167, 2.1333, 2.15, 2.1667, 2.1833, 2.2, 2.2167, 2.2333, 2.25, 2.2667, 2.2833, 2.3, 2.3167, 2.3333, 2.35, 2.3667, 2.3833, 2.4, 2.4167, 2.4333, 2.45, 2.4667, 2.4833, 2.5, 2.5167, 2.5333, 2.55, 2.5667, 2.5833, 2.6, 2.6167, 2.6333, 2.65, 2.6667, 2.6833, 2.7, 2.7167, 2.7333, 2.75, 2.7667, 2.7833, 2.8, 2.8167, 2.8333, 2.85, 2.8667, 2.8833, 2.9, 2.9167, 2.9333, 2.95, 2.9667, 2.9833, 3.0, 3.0167, 3.0333, 3.05, 3.0667, 3.0833, 3.1, 3.1167, 3.1333, 3.15, 3.1667],
            "transform": [
                [0.992902, 0.113489, 0.035586, 0.124994, 0.113842, -0.993466, -0.008033, -0.002831, 0.034442, 0.012027, -0.999335, -1.2e-05, 0.0, 0.0, 0.0, 1.0],
                [0.992902, 0.113489, 0.035586, 0.124994, 0.113842, -0.993467, -0.008033, -0.002831, 0.034442, 0.012027, -0.999335, -1.2e-05, 0.0, 0.0, 0.0, 1.0],
                [0.991973, 0.116049, 0.050217, 0.124994, 0.111789, -0.990455, 0.080636, -0.002831, 0.059095, -0.074375, -0.995478, -1.2e-05, 0.0, 0.0, 0.0, 1.0],
                [0.988968, 0.121752, 0.084374, 0.124994, 0.109056, -0.983909, 0.141521, -0.002831, 0.100247, -0.130758, -0.986333, -1.2e-05, 0.0, 0.0, 0.0, 1.0],
                [0.98497, 0.130695, 0.112933, 0.124994, 0.107011, -0.974955, 0.194968, -0.00283, 0.135586, -0.179953, -0.974286, -1.2e-05, 0.0, 0.0, 0.0, 1.0],
                [0.979732, 0.142257, 0.141021, 0.124994, 0.105202, -0.964531, 0.242102, -0.002831, 0.17046, -0.222359, -0.959948, -1.2e-05, 0.0, 0.0, 0.0, 1.0],
                [0.973786, 0.155886, 0.165651, 0.124994, 0.103774, -0.9525, 0.286312, -0.002831, 0.202414, -0.261616, -0.943709, -1.2e-05, 0.0, 0.0, 0.0, 1.0],
                [0.967132, 0.171178, 0.188025, 0.124994, 0.102648, -0.93936, 0.327211, -0.002831, 0.232634, -0.297155, -0.926056, -1.2e-05, 0.0, 0.0, 0.0, 1.0],
                [0.95971, 0.188365, 0.20851, 0.124994, 0.102199, -0.925211, 0.365432, -0.002831, 0.26175, -0.329399, -0.907185, -1.2e-05, 0.0, 0.0, 0.0, 1.0],
                [0.951902, 0.206602, 0.226272, 0.124994, 0.102184, -0.910254, 0.401245, -0.002831, 0.288863, -0.358824, -0.887583, -1.2e-05, 0.0, 0.0, 0.0, 1.0],
                [0.944059, 0.225133, 0.240973, 0.124994, 0.102243, -0.894526, 0.435167, -0.002831, 0.313527, -0.386186, -0.867503, -1.2e-05, 0.0, 0.0, 0.0, 1.0],
                [0.936535, 0.243987, 0.25174, 0.124994, 0.103232, -0.878171, 0.467075, -0.002831, 0.335031, -0.411444, -0.847625, -1.2e-05, 0.0, 0.0, 0.0, 1.0],
                [0.930014, 0.260613, 0.259143, 0.124994, 0.104631, -0.863673, 0.493073, -0.002831, 0.352316, -0.43145, -0.830497, -1.2e-05, 0.0, 0.0, 0.0, 1.0],
                [0.92461, 0.276128, 0.262393, 0.124994, 0.106682, -0.848999, 0.517514, -0.002831, 0.365671, -0.450506, -0.814451, -1.2e-05, 0.0, 0.0, 0.0, 1.0],
                [0.921106, 0.286664, 0.263416, 0.124994, 0.106172, -0.83594, 0.538454, -0.002831, 0.374555, -0.468005, -0.800425, -1.2e-05, 0.0, 0.0, 0.0, 1.0],
                [0.919138, 0.294973, 0.261107, 0.124994, 0.1056, -0.823048, 0.558069, -0.002831, 0.379519, -0.48537, -0.787644, -1.2e-05, 0.0, 0.0, 0.0, 1.0],
                [0.919033, 0.298326, 0.257645, 0.124994, 0.103301, -0.813054, 0.572951, -0.002831, 0.380405, -0.499945, -0.778041, -1.2e-05, 0.0, 0.0, 0.0, 1.0],
                [0.920285, 0.299614, 0.25161, 0.124994, 0.101193, -0.803486, 0.58666, -0.002831, 0.377937, -0.514433, -0.769755, -1.2e-05, 0.0, 0.0, 0.0, 1.0],
                [0.922519, 0.29924, 0.243748, 0.124994, 0.100934, -0.796628, 0.595983, -0.002831, 0.372519, -0.525203, -0.765109, -1.2e-05, 0.0, 0.0, 0.0, 1.0],
                [0.92574, 0.29622, 0.235073, 0.124994, 0.09926, -0.790162, 0.604807, -0.002831, 0.364901, -0.536561, -0.760888, -1.2e-05, 0.0, 0.0, 0.0, 1.0],
                [0.930053, 0.286391, 0.230176, 0.124994, 0.091787, -0.787693, 0.609193, -0.002831, 0.355775, -0.545454, -0.758883, -1.2e-05, 0.0, 0.0, 0.0, 1.0],
                [0.934746, 0.27473, 0.225329, 0.124994, 0.082928, -0.785334, 0.613493, -0.002831, 0.345504, -0.554774, -0.756871, -1.2e-05, 0.0, 0.0, 0.0, 1.0],
                [0.939861, 0.259318, 0.222294, 0.124994, 0.070855, -0.784697, 0.615816, -0.002831, 0.334126, -0.563031, -0.755881, -1.2e-05, 0.0, 0.0, 0.0, 1.0],
                [0.944951, 0.243113, 0.219005, 0.124994, 0.058335, -0.783753, 0.618327, -0.002831, 0.321968, -0.571513, -0.754791, -1.2e-05, 0.0, 0.0, 0.0, 1.0],
                [0.950052, 0.225454, 0.215803, 0.124994, 0.045548, -0.784238, 0.618787, -0.002831, 0.308749, -0.57805, -0.755336, -1.2e-05, 0.0, 0.0, 0.0, 1.0],
                [0.954736, 0.207718, 0.212913, 0.124994, 0.03261, -0.784564, 0.619189, -0.002831, 0.29566, -0.584219, -0.755826, -1.2e-05, 0.0, 0.0, 0.0, 1.0],
                [0.958653, 0.190544, 0.211372, 0.124994, 0.01971, -0.785427, 0.618641, -0.002831, 0.283895, -0.588896, -0.756708, -1.2e-05, 0.0, 0.0, 0.0, 1.0],
                [0.961888, 0.17453, 0.210496, 0.124994, 0.007185, -0.785674, 0.618599, -0.002831, 0.273346, -0.593511, -0.756985, -1.2e-05, 0.0, 0.0, 0.0, 1.0],
                [0.964455, 0.16167, 0.209016, 0.124994, -0.002876, -0.784526, 0.62009, -0.002831, 0.264228, -0.59865, -0.756176, -1.2e-05, 0.0, 0.0, 0.0, 1.0],
                [0.966319, 0.150844, 0.208501, 0.124994, -0.012133, -0.782594, 0.622415, -0.002831, 0.257059, -0.603981, -0.754406, -1.2e-05, 0.0, 0.0, 0.0, 1.0],
                [0.967158, 0.145167, 0.20864, 0.124994, -0.017679, -0.780448, 0.624971, -0.002831, 0.253557, -0.608134, -0.752251, -1.2e-05, 0.0, 0.0, 0.0, 1.0],
                [0.967383, 0.141592, 0.210047, 0.124994, -0.022505, -0.777878, 0.628012, -0.002831, 0.252313, -0.612256, -0.74932, -1.2e-05, 0.0, 0.0, 0.0, 1.0],
                [0.966963, 0.142405, 0.211429, 0.124994, -0.02472, -0.773118, 0.63378, -0.002831, 0.253713, -0.618069, -0.744057, -1.2e-05, 0.0, 0.0, 0.0, 1.0],
                [0.966304, 0.144339, 0.213127, 0.124994, -0.026454, -0.767914, 0.640007, -0.002831, 0.256041, -0.62408, -0.73822, -1.2e-05, 0.0, 0.0, 0.0, 1.0],
                [0.965807, 0.146819, 0.21368, 0.124994, -0.027166, -0.762349, 0.646597, -0.002831, 0.25783, -0.630293, -0.732294, -1.2e-05, 0.0, 0.0, 0.0, 1.0],
                [0.965221, 0.149773, 0.214279, 0.124994, -0.027705, -0.756417, 0.653503, -0.002831, 0.259961, -0.636711, -0.725961, -1.2e-05, 0.0, 0.0, 0.0, 1.0],
                [0.964325, 0.153791, 0.215463, 0.124994, -0.027889, -0.750379, 0.66042, -0.002831, 0.263245, -0.642869, -0.71932, -1.2e-05, 0.0, 0.0, 0.0, 1.0],
                [0.963307, 0.158219, 0.216807, 0.124994, -0.027987, -0.74416, 0.667416, -0.002831, 0.266936, -0.648995, -0.712427, -1.2e-05, 0.0, 0.0, 0.0, 1.0],
