{
    "animation": [
        {
            "name": "Root",
            "time": [0.0, 0.0167, 0.0333, 0.05, 0.0667, 0.0833, 0.1, 0.1167, 0.1333, 0.15, 0.1667, 0.1833, 0.2, 0.2167, 0.2333, 0.25, 0.2667, 0.2833, 0.3, 0.3167, 0.3333, 0.35, 0.3667, 0.3833, 0.4, 0.4167, 0.4333, 0.45, 0.4667, 0.4833, 0.5, 0.5167, 0.5333, 0.55, 0.5667, 0.5833, 0.6, 0.6167, 0.6333, 0.65, 0.6667, 0.6833, 0.7, 0.7167, 0.7333, 0.75, 0.7667, 0.7833, 0.8, 0.8167, 0.8333, 0.85, 0.8667, 0.8833, 0.9, 0.9167, 0.9333, 0.95, 0.9667, 0.9833, 1.0, 1.0167, 1.0333, 1.05, 1.0667, 1.0833, 1.1, 1.1167, 1.1333, 1.15, 1.1667, 1.1833, 1.2, 1.2167, 1.2333, 1.25, 1.2667, 1.2833, 1.3, 1.3167, 1.3333, 1.35, 1.3667, 1.3833, 1.4, 1.4167, 1.4333, 1.45, 1.4667, 1.4833, 1.5, 1.5167, 1.5333, 1.55, 1.5667, 1.5833, 1.6, 1.6167, 1.6333, 1.65, 1.6667, 1.6833, 1.7, 1.7167, 1.7333],
            "transform": [
                [0.093836, -0.125136, 0.987692, -0.000316, 0.893862, 0.447453, -0.028231, 0.009673, -0.438413, 0.885509, 0.153842, 0.481286, 0.0, 0.0, 0.0, 1.0],
                [0.076319, -0.239091, 0.967994, -0.004518, 0.951175, 0.308649, 0.001242, 0.032706, -0.299067, 0.920636, 0.250973, 0.502902, 0.0, 0.0, 0.0, 1.0],
                [0.043766, -0.315434, 0.947938, -0.015926, 0.991638, 0.129016, -0.002853, 0.065716, -0.1214, 0.940136, 0.318443, 0.533484, 0.0, 0.0, 0.0, 1.0],
                [0.006909, -0.268117, 0.963361, -0.038139, 0.999017, -0.040334, -0.018391, 0.104344, 0.043787, 0.962542, 0.267575, 0.568579, 0.0, 0.0, 0.0, 1.0],
                [-0.010767, -0.093479, 0.995563, -0.071132, 0.979626, -0.20066, -0.008246, 0.144232, 0.20054, 0.975191, 0.093735, 0.60368, 0.0, 0.0, 0.0, 1.0],
                [-0.019937, 0.051448, 0.998477, -0.089716, 0.954498, -0.296236, 0.034323, 0.181022, 0.29755, 0.953728, -0.043201, 0.634076, 0.0, 0.0, 0.0, 1.0],
                [-0.052568, 0.12758, 0.990434, -0.085271, 0.946845, -0.308833, 0.090036, 0.211226, 0.317366, 0.942521, -0.104564, 0.656172, 0.0, 0.0, 0.0, 1.0],
                [-0.0996, 0.193686, 0.975995, -0.07416, 0.940778, -0.301122, 0.155764, 0.234837, 0.324063, 0.933708, -0.152224, 0.671051, 0.0, 0.0, 0.0, 1.0],
                [-0.152634, 0.249061, 0.956384, -0.059716, 0.93474, -0.277822, 0.22153, 0.252715, 0.320879, 0.927784, -0.190402, 0.680967, 0.0, 0.0, 0.0, 1.0],
                [-0.202547, 0.293201, 0.934349, -0.045271, 0.928857, -0.244674, 0.278136, 0.265724, 0.31016, 0.924212, -0.222784, 0.68817, 0.0, 0.0, 0.0, 1.0],
                [-0.239881, 0.326611, 0.914211, -0.03416, 0.925251, -0.20816, 0.317145, 0.274724, 0.293885, 0.921952, -0.252264, 0.694912, 0.0, 0.0, 0.0, 1.0],
                [-0.255086, 0.351006, 0.900958, -0.029716, 0.927338, -0.175058, 0.330756, 0.280578, 0.273817, 0.919864, -0.280846, 0.703447, 0.0, 0.0, 0.0, 1.0],
                [-0.234585, 0.365745, 0.900667, -0.030201, 0.939897, -0.15115, 0.306182, 0.284386, 0.24812, 0.91836, -0.308305, 0.715429, 0.0, 0.0, 0.0, 1.0],
                [-0.177379, 0.368683, 0.912474, -0.031482, 0.96088, -0.135521, 0.241546, 0.2882, 0.212714, 0.919623, -0.330221, 0.730126, 0.0, 0.0, 0.0, 1.0],
                [-0.092295, 0.359737, 0.928478, -0.033293, 0.981681, -0.123221, 0.145325, 0.29431, 0.166687, 0.924882, -0.341774, 0.746209, 0.0, 0.0, 0.0, 1.0],
                [0.012818, 0.338952, 0.940716, -0.035368, 0.993838, -0.107911, 0.02534, 0.305005, 0.110103, 0.934594, -0.338247, 0.762348, 0.0, 0.0, 0.0, 1.0],
                [0.131734, 0.306751, 0.942629, -0.037444, 0.990332, -0.082419, -0.11158, 0.322576, 0.043464, 0.948215, -0.314643, 0.777214, 0.0, 0.0, 0.0, 1.0],
                [0.260489, 0.263937, 0.9287, -0.039254, 0.964921, -0.038546, -0.259694, 0.349313, -0.032745, 0.96377, -0.264719, 0.789479, 0.0, 0.0, 0.0, 1.0],
                [0.39773, 0.211871, 0.892705, -0.040535, 0.909897, 0.033935, -0.413444, 0.387506, -0.11789, 0.976708, -0.179284, 0.797812, 0.0, 0.0, 0.0, 1.0],
                [0.544341, 0.153675, 0.824668, -0.041021, 0.812306, 0.148846, -0.563919, 0.439445, -0.209409, 0.976846, -0.043808, 0.800885, 0.0, 0.0, 0.0, 1.0],
                [0.7081, -0.008158, 0.706065, -0.011492, 0.67995, 0.277542, -0.678703, 0.576686, -0.190426, 0.960679, 0.202074, 0.742426, 0.0, 0.0, 0.0, 1.0],
                [0.835132, -0.146098, 0.530293, 0.018038, 0.539477, 0.405666, -0.737834, 0.792799, -0.107326, 0.902269, 0.417601, 0.598301, 0.0, 0.0, 0.0, 1.0],
                [0.913748, -0.094668, 0.395099, -0.006197, 0.389917, 0.477563, -0.787336, 0.988655, -0.114149, 0.873482, 0.473285, 0.428081, 0.0, 0.0, 0.0, 1.0],
                [0.988914, 0.001135, 0.148483, -0.030432, 0.126035, 0.522291, -0.843402, 1.127363, -0.078508, 0.852767, 0.516358, 0.342088, 0.0, 0.0, 0.0, 1.0],
                [0.939443, 0.089389, -0.330843, -0.030074, -0.31753, 0.590218, -0.74217, 1.195643, 0.128928, 0.802279, 0.58286, 0.340412, 0.0, 0.0, 0.0, 1.0],
                [0.743035, 0.185352, -0.643074, -0.029716, -0.588607, 0.638274, -0.496133, 1.212411, 0.318498, 0.747162, 0.583359, 0.340172, 0.0, 0.0, 0.0, 1.0],
                [0.659428, 0.288452, -0.694226, -0.033459, -0.664414, 0.655669, -0.35868, 1.210373, 0.351721, 0.697777, 0.624018, 0.340176, 0.0, 0.0, 0.0, 1.0],
                [0.642996, 0.3896, -0.65937, -0.043696, -0.701223, 0.645678, -0.3023, 1.204668, 0.307964, 0.656743, 0.688365, 0.340199, 0.0, 0.0, 0.0, 1.0],
                [0.627434, 0.489116, -0.605881, -0.058933, -0.744106, 0.605873, -0.281467, 1.195907, 0.229417, 0.627442, 0.7441, 0.340264, 0.0, 0.0, 0.0, 1.0],
                [0.603101, 0.572107, -0.555844, -0.077677, -0.783154, 0.557002, -0.276439, 1.184698, 0.151453, 0.602033, 0.783976, 0.340388, 0.0, 0.0, 0.0, 1.0],
                [0.571835, 0.62586, -0.530381, -0.098435, -0.813816, 0.514318, -0.270518, 1.171654, 0.103478, 0.586324, 0.803441, 0.340594, 0.0, 0.0, 0.0, 1.0],
                [0.537881, 0.652204, -0.534148, -0.119716, -0.838386, 0.480193, -0.25792, 1.157385, 0.088277, 0.586553, 0.805086, 0.340901, 0.0, 0.0, 0.0, 1.0],
                [0.506255, 0.663869, -0.55044, -0.140158, -0.858037, 0.451761, -0.244305, 1.142501, 0.08648, 0.595978, 0.79833, 0.341609, 0.0, 0.0, 0.0, 1.0],
                [0.474414, 0.672135, -0.568477, -0.158934, -0.876191, 0.422875, -0.231229, 1.127612, 0.084977, 0.607792, 0.789536, 0.342937, 0.0, 0.0, 0.0, 1.0],
                [0.442739, 0.677932, -0.586849, -0.17535, -0.892652, 0.39499, -0.217151, 1.113331, 0.084586, 0.619993, 0.780035, 0.344779, 0.0, 0.0, 0.0, 1.0],
                [0.41177, 0.682363, -0.604008, -0.18871, -0.907187, 0.369749, -0.200741, 1.100266, 0.086353, 0.630608, 0.771283, 0.347032, 0.0, 0.0, 0.0, 1.0],
                [0.382224, 0.686747, -0.618291, -0.198319, -0.919524, 0.348945, -0.180865, 1.089029, 0.091541, 0.637665, 0.764856, 0.349591, 0.0, 0.0, 0.0, 1.0],
                [0.355005, 0.692571, -0.627947, -0.203484, -0.929332, 0.334409, -0.156567, 1.080231, 0.101558, 0.639153, 0.762345, 0.352352, 0.0, 0.0, 0.0, 1.0],
                [0.329822, 0.698905, -0.634625, -0.206005, -0.93698, 0.324431, -0.129667, 1.073369, 0.115267, 0.637398, 0.761865, 0.355223, 0.0, 0.0, 0.0, 1.0],
                [0.305687, 0.703927, -0.641125, -0.208167, -0.94317, 0.31604, -0.102703, 1.067486, 0.130326, 0.636086, 0.760533, 0.358158, 0.0, 0.0, 0.0, 1.0],
                [0.282619, 0.707832, -0.647379, -0.209997, -0.947998, 0.309093, -0.075901, 1.062506, 0.146375, 0.635166, 0.758379, 0.361124, 0.0, 0.0, 0.0, 1.0],
                [0.260624, 0.710803, -0.653326, -0.211522, -0.951571, 0.303422, -0.049484, 1.058354, 0.16306, 0.634582, 0.755458, 0.364087, 0.0, 0.0, 0.0, 1.0],
                [0.239699, 0.713009, -0.65891, -0.212772, -0.954008, 0.298846, -0.023668, 1.054954, 0.180037, 0.634278, 0.75185, 0.367015, 0.0, 0.0, 0.0, 1.0],
                [0.219835, 0.714612, -0.66408, -0.213772, -0.955445, 0.295166, 0.001338, 1.052232, 0.19697, 0.634198, 0.74766, 0.369873, 0.0, 0.0, 0.0, 1.0],
                [0.201016, 0.715759, -0.668791, -0.214551, -0.956031, 0.292171, 0.025339, 1.050112, 0.213537, 0.634291, 0.743019, 0.372629, 0.0, 0.0, 0.0, 1.0],
                [0.183224, 0.71659, -0.672999, -0.215136, -0.955924, 0.289641, 0.04815, 1.048519, 0.229432, 0.634513, 0.738075, 0.375249, 0.0, 0.0, 0.0, 1.0],
                [0.166436, 0.717234, -0.676665, -0.215556, -0.955294, 0.287347, 0.069605, 1.047378, 0.24436, 0.634829, 0.732994, 0.377699, 0.0, 0.0, 0.0, 1.0],
                [0.150624, 0.717811, -0.67975, -0.215837, -0.954319, 0.285054, 0.089549, 1.046613, 0.258045, 0.63521, 0.727957, 0.379947, 0.0, 0.0, 0.0, 1.0],
                [0.135759, 0.718435, -0.682217, -0.216007, -0.953179, 0.282523, 0.107842, 1.046149, 0.270219, 0.635635, 0.723152, 0.381959, 0.0, 0.0, 0.0, 1.0],
                [0.121806, 0.719213, -0.68403, -0.216095, -0.952056, 0.279511, 0.124354, 1.04591, 0.280631, 0.636087, 0.718777, 0.383701, 0.0, 0.0, 0.0, 1.0],
                [0.108727, 0.720244, -0.685147, -0.216127, -0.951125, 0.275772, 0.138964, 1.045822, 0.289033, 0.636552, 0.715026, 0.385141, 0.0, 0.0, 0.0, 1.0],
                [0.096476, 0.721625, -0.685529, -0.216132, -0.950557, 0.271057, 0.151555, 1.04581, 0.295183, 0.637013, 0.712097, 0.386244, 0.0, 0.0, 0.0, 1.0],
                [0.085051, 0.723467, -0.6851, -0.21613, -0.950464, 0.265228, 0.162087, 1.04581, 0.298972, 0.637377, 0.710187, 0.387003, 0.0, 0.0, 0.0, 1.0],
                [0.074517, 0.725701, -0.683963, -0.216119, -0.9508, 0.258527, 0.170714, 1.04581, 0.30071, 0.63759, 0.709262, 0.387511, 0.0, 0.0, 0.0, 1.0],
                [0.064928, 0.728156, -0.682329, -0.216089, -0.951482, 0.251273, 0.17761, 1.04581, 0.300778, 0.637692, 0.709142, 0.387888, 0.0, 0.0, 0.0, 1.0],
                [0.056333, 0.730669, -0.680404, -0.21603, -0.952417, 0.243788, 0.182944, 1.04581, 0.299546, 0.637723, 0.709635, 0.388252, 0.0, 0.0, 0.0, 1.0],
                [0.048788, 0.733086, -0.678384, -0.215933, -0.953513, 0.236402, 0.18689, 1.04581, 0.297378, 0.637729, 0.71054, 0.388723, 0.0, 0.0, 0.0, 1.0],
                [0.042352, 0.735261, -0.67646, -0.215789, -0.954672, 0.229446, 0.18962, 1.04581, 0.294631, 0.637766, 0.71165, 0.389418, 0.0, 0.0, 0.0, 1.0],
                [0.037086, 0.737052, -0.674818, -0.215587, -0.955802, 0.223254, 0.191314, 1.04581, 0.291664, 0.637897, 0.712755, 0.390459, 0.0, 0.0, 0.0, 1.0],
                [0.033061, 0.738319, -0.673641, -0.215318, -0.956809, 0.218162, 0.19215, 1.04581, 0.288831, 0.638193, 0.713643, 0.391962, 0.0, 0.0, 0.0, 1.0],
                [0.030344, 0.738924, -0.673105, -0.214974, -0.957603, 0.214506, 0.192313, 1.04581, 0.28649, 0.638732, 0.714104, 0.394048, 0.0, 0.0, 0.0, 1.0],
                [0.029009, 0.738722, -0.673385, -0.214543, -0.958089, 0.212625, 0.191981, 1.04581, 0.284999, 0.639594, 0.71393, 0.396835, 0.0, 0.0, 0.0, 1.0],
                [0.031327, 0.737079, -0.67508, -0.21264, -0.958427, 0.213803, 0.188962, 1.04582, 0.283614, 0.641095, 0.713134, 0.401223, 0.0, 0.0, 0.0, 1.0],
                [0.039197, 0.73348, -0.67858, -0.20813, -0.958838, 0.218743, 0.181055, 1.045889, 0.281235, 0.643551, 0.711863, 0.407875, 0.0, 0.0, 0.0, 1.0],
                [0.052122, 0.727917, -0.683681, -0.201385, -0.959252, 0.226873, 0.168421, 1.046075, 0.277705, 0.647044, 0.710081, 0.416556, 0.0, 0.0, 0.0, 1.0],
                [0.069612, 0.720345, -0.690114, -0.192776, -0.959526, 0.237585, 0.151205, 1.04644, 0.27288, 0.651657, 0.707729, 0.427029, 0.0, 0.0, 0.0, 1.0],
                [0.091178, 0.710703, -0.697559, -0.182675, -0.959477, 0.250245, 0.129546, 1.04704, 0.266629, 0.65748, 0.704719, 0.439059, 0.0, 0.0, 0.0, 1.0],
                [0.116346, 0.698928, -0.705665, -0.171452, -0.95889, 0.264198, 0.10358, 1.047936, 0.25883, 0.664604, 0.700934, 0.45241, 0.0, 0.0, 0.0, 1.0],
                [0.14465, 0.684977, -0.714061, -0.15948, -0.957544, 0.278774, 0.073446, 1.049186, 0.249371, 0.673121, 0.69622, 0.466846, 0.0, 0.0, 0.0, 1.0],
                [0.17564, 0.66883, -0.722369, -0.147129, -0.955217, 0.293286, 0.039294, 1.050849, 0.238142, 0.683117, 0.690391, 0.482132, 0.0, 0.0, 0.0, 1.0],
                [0.208884, 0.650506, -0.730212, -0.13477, -0.951696, 0.30704, 0.001284, 1.052985, 0.22504, 0.694671, 0.68322, 0.49803, 0.0, 0.0, 0.0, 1.0],
                [0.24397, 0.630062, -0.737225, -0.122776, -0.946782, 0.319331, -0.040405, 1.055652, 0.209961, 0.707848, 0.674439, 0.514307, 0.0, 0.0, 0.0, 1.0],
                [0.280509, 0.607602, -0.743057, -0.111516, -0.940288, 0.329447, -0.085574, 1.05891, 0.192803, 0.722693, 0.663734, 0.530725, 0.0, 0.0, 0.0, 1.0],
                [0.318141, 0.583274, -0.747381, -0.101363, -0.93204, 0.336665, -0.134004, 1.062817, 0.173456, 0.739221, 0.650742, 0.547049, 0.0, 0.0, 0.0, 1.0],
                [0.356535, 0.55727, -0.749889, -0.092688, -0.921866, 0.340255, -0.185445, 1.067433, 0.15181, 0.757414, 0.635041, 0.563044, 0.0, 0.0, 0.0, 1.0],
                [0.39539, 0.529831, -0.750297, -0.085861, -0.909587, 0.339465, -0.239615, 1.072817, 0.127744, 0.777202, 0.616149, 0.578472, 0.0, 0.0, 0.0, 1.0],
                [0.434065, 0.500286, -0.749201, -0.08028, -0.895312, 0.331893, -0.297092, 1.08359, 0.100023, 0.799726, 0.591975, 0.593142, 0.0, 0.0, 0.0, 1.0],
                [0.472419, 0.468279, -0.746683, -0.075083, -0.878715, 0.316009, -0.35777, 1.10333, 0.068423, 0.825139, 0.560772, 0.607029, 0.0, 0.0, 0.0, 1.0],
                [0.510792, 0.434585, -0.741774, -0.070258, -0.859018, 0.292491, -0.420164, 1.130533, 0.034365, 0.851813, 0.522718, 0.620154, 0.0, 0.0, 0.0, 1.0],
                [0.549323, 0.400041, -0.733629, -0.06579, -0.83561, 0.262274, -0.482668, 1.163695, -0.000675, 0.878168, 0.478352, 0.632536, 0.0, 0.0, 0.0, 1.0],
                [0.58795, 0.365541, -0.721591, -0.061665, -0.808131, 0.226623, -0.543661, 1.201311, -0.035201, 0.902786, 0.428648, 0.644194, 0.0, 0.0, 0.0, 1.0],
                [0.626432, 0.331992, -0.705241, -0.05787, -0.776526, 0.187157, -0.601647, 1.241877, -0.067752, 0.924529, 0.375041, 0.655148, 0.0, 0.0, 0.0, 1.0],
                [0.664383, 0.30026, -0.684427, -0.054391, -0.741073, 0.145819, -0.655399, 1.283888, -0.096988, 0.942646, 0.319394, 0.665417, 0.0, 0.0, 0.0, 1.0],
                [0.701334, 0.271094, -0.659271, -0.051214, -0.702353, 0.104798, -0.704072, 1.325839, -0.121779, 0.956831, 0.263903, 0.67502, 0.0, 0.0, 0.0, 1.0],
                [0.736793, 0.245065, -0.630142, -0.048326, -0.661194, 0.066422, -0.747269, 1.366227, -0.141274, 0.967229, 0.210975, 0.683978, 0.0, 0.0, 0.0, 1.0],
                [0.770307, 0.222512, -0.597591, -0.045713, -0.618565, 0.033047, -0.785038, 1.403545, -0.154932, 0.97437, 0.163094, 0.692309, 0.0, 0.0, 0.0, 1.0],
                [0.80151, 0.203526, -0.56228, -0.043361, -0.575473, 0.006975, -0.817791, 1.436291, -0.162519, 0.979045, 0.122714, 0.700033, 0.0, 0.0, 0.0, 1.0],
                [0.830149, 0.187949, -0.524907, -0.041257, -0.532855, -0.009587, -0.846152, 1.46296, -0.164066, 0.982132, 0.092191, 0.707169, 0.0, 0.0, 0.0, 1.0],
                [0.856097, 0.175401, -0.48614, -0.039385, -0.49149, -0.014534, -0.870762, 1.482046, -0.159798, 0.98439, 0.073765, 0.713737, 0.0, 0.0, 0.0, 1.0],
                [0.879326, 0.163712, -0.447196, -0.037734, -0.451368, -0.012879, -0.892245, 1.495934, -0.151831, 0.986424, 0.06257, 0.719757, 0.0, 0.0, 0.0, 1.0],
                [0.899893, 0.15119, -0.409066, -0.036289, -0.412254, -0.011083, -0.911002, 1.508089, -0.142268, 0.988443, 0.052355, 0.725247, 0.0, 0.0, 0.0, 1.0],
                [0.917899, 0.13803, -0.372034, -0.035036, -0.374417, -0.00926, -0.927214, 1.518626, -0.131428, 0.990385, 0.043181, 0.730227, 0.0, 0.0, 0.0, 1.0],
                [0.933471, 0.124439, -0.336373, -0.033962, -0.338114, -0.007495, -0.941075, 1.52766, -0.119628, 0.992199, 0.035079, 0.734717, 0.0, 0.0, 0.0, 1.0],
                [0.946756, 0.110631, -0.302348, -0.033053, -0.30359, -0.005852, -0.952785, 1.535308, -0.107177, 0.993844, 0.028046, 0.738736, 0.0, 0.0, 0.0, 1.0],
                [0.957919, 0.096827, -0.270213, -0.032295, -0.271077, -0.004373, -0.962548, 1.541684, -0.094382, 0.995292, 0.022058, 0.742304, 0.0, 0.0, 0.0, 1.0],
                [0.967145, 0.083251, -0.240209, -0.031674, -0.240795, -0.003082, -0.970571, 1.546904, -0.081542, 0.996524, 0.017066, 0.745439, 0.0, 0.0, 0.0, 1.0],
                [0.974628, 0.070131, -0.212562, -0.031177, -0.21295, -0.001985, -0.977061, 1.551084, -0.068944, 0.997536, 0.013, 0.748162, 0.0, 0.0, 0.0, 1.0],
                [0.980571, 0.057695, -0.187487, -0.03079, -0.187739, -0.001077, -0.982218, 1.554339, -0.056871, 0.998334, 0.009776, 0.750492, 0.0, 0.0, 0.0, 1.0],
                [0.985181, 0.046171, -0.165185, -0.030499, -0.165346, -0.00034, -0.986236, 1.556786, -0.045592, 0.998933, 0.007299, 0.752448, 0.0, 0.0, 0.0, 1.0],
                [0.98866, 0.03579, -0.145846, -0.030291, -0.145948, 0.000245, -0.989292, 1.558539, -0.035371, 0.999359, 0.005466, 0.75405, 0.0, 0.0, 0.0, 1.0],
                [0.991198, 0.026779, -0.129648, -0.030151, -0.129714, 0.000703, -0.991551, 1.559713, -0.026462, 0.999641, 0.004171, 0.755317, 0.0, 0.0, 0.0, 1.0],
                [0.992971, 0.019369, -0.116766, -0.030066, -0.116808, 0.001055, -0.993154, 1.560426, -0.019113, 0.999812, 0.00331, 0.756268, 0.0, 0.0, 0.0, 1.0],
                [0.994124, 0.013788, -0.107364, -0.030023, -0.107392, 0.001316, -0.994216, 1.560792, -0.013567, 0.999904, 0.002789, 0.756924, 0.0, 0.0, 0.0, 1.0],
                [0.994772, 0.010268, -0.101605, -0.030007, -0.101625, 0.001487, -0.994822, 1.560927, -0.010064, 0.999946, 0.002522, 0.757303, 0.0, 0.0, 0.0, 1.0],
                [0.994981, 0.009043, -0.09965, -0.030005, -0.099668, 0.001551, -0.995019, 1.560946, -0.008843, 0.999958, 0.002444, 0.757425, 0.0, 0.0, 0.0, 1.0]
            ]
        },
        {
            "name": "Thigh_R",
            "time": [0.0, 0.0167, 0.0333, 0.05, 0.0667, 0.0833, 0.1, 0.1167, 0.1333, 0.15, 0.1667, 0.1833, 0.2, 0.2167, 0.2333, 0.25, 0.2667, 0.2833, 0.3, 0.3167, 0.3333, 0.35, 0.3667, 0.3833, 0.4, 0.4167, 0.4333, 0.45, 0.4667, 0.4833, 0.5, 0.5167, 0.5333, 0.55, 0.5667, 0.5833, 0.6, 0.6167, 0.6333, 0.65, 0.6667, 0.6833, 0.7, 0.7167, 0.7333, 0.75, 0.7667, 0.7833, 0.8, 0.8167, 0.8333, 0.85, 0.8667, 0.8833, 0.9, 0.9167, 0.9333, 0.95, 0.9667, 0.9833, 1.0, 1.0167, 1.0333, 1.05, 1.0667, 1.0833, 1.1, 1.1167, 1.1333, 1.15, 1.1667, 1.1833, 1.2, 1.2167, 1.2333, 1.25, 1.2667, 1.2833, 1.3, 1.3167, 1.3333, 1.35, 1.3667, 1.3833, 1.4, 1.4167, 1.4333, 1.45, 1.4667, 1.4833, 1.5, 1.5167, 1.5333, 1.55, 1.5667, 1.5833, 1.6, 1.6167, 1.6333, 1.65, 1.6667, 1.6833, 1.7, 1.7167, 1.7333],
            "transform": [
                [0.142004, 0.929085, -0.341521, 0.124994, 0.738726, 0.130183, 0.661314, -0.002831, 0.658877, -0.3462, -0.667852, -1.2e-05, 0.0, 0.0, 0.0, 1.0],
                [0.298199, 0.937663, -0.178508, 0.124994, 0.552689, -0.017145, 0.833212, -0.002831, 0.778212, -0.347123, -0.523348, -1.2e-05, 0.0, 0.0, 0.0, 1.0],
                [0.427333, 0.898278, 0.102384, 0.124994, 0.332773, -0.261573, 0.906003, -0.002831, 0.840624, -0.353095, -0.410702, -1.2e-05, 0.0, 0.0, 0.0, 1.0],
                [0.487708, 0.77574, 0.40046, 0.124994, 0.224633, -0.554779, 0.801099, -0.002831, 0.843611, -0.300747, -0.444827, -1.2e-05, 0.0, 0.0, 0.0, 1.0],
                [0.52415, 0.555248, 0.645729, 0.124994, 0.250717, -0.825236, 0.50609, -0.002831, 0.813884, -0.103372, -0.571757, -1.2e-05, 0.0, 0.0, 0.0, 1.0],
                [0.55342, 0.334613, 0.762732, 0.124994, 0.281533, -0.937004, 0.206794, -0.002831, 0.783879, 0.100291, -0.612761, -1.2e-05, 0.0, 0.0, 0.0, 1.0],
                [0.561411, 0.215831, 0.798896, 0.124994, 0.291597, -0.955066, 0.053107, -0.002831, 0.774461, 0.203141, -0.59912, -1.2e-05, 0.0, 0.0, 0.0, 1.0],
                [0.557838, 0.134825, 0.818926, 0.124994, 0.303616, -0.951473, -0.050171, -0.002831, 0.772421, 0.276626, -0.571702, -1.2e-05, 0.0, 0.0, 0.0, 1.0],
                [0.547261, 0.088002, 0.832323, 0.124994, 0.318557, -0.94151, -0.109908, -0.002831, 0.773969, 0.325291, -0.543285, -1.2e-05, 0.0, 0.0, 0.0, 1.0],
                [0.53189, 0.066903, 0.844167, 0.124994, 0.337999, -0.930796, -0.139197, -0.002831, 0.776435, 0.359365, -0.517694, -1.2e-05, 0.0, 0.0, 0.0, 1.0],
                [0.509192, 0.060045, 0.858556, 0.124994, 0.364977, -0.918488, -0.152224, -0.002831, 0.779433, 0.390864, -0.489601, -1.2e-05, 0.0, 0.0, 0.0, 1.0],
                [0.471097, 0.053313, 0.880469, 0.124994, 0.403557, -0.900608, -0.161391, -0.002831, 0.784353, 0.43135, -0.445788, -1.2e-05, 0.0, 0.0, 0.0, 1.0],
                [0.432577, 0.039964, 0.900711, 0.124994, 0.441294, -0.880555, -0.172867, -0.002831, 0.786217, 0.472257, -0.398544, -1.2e-05, 0.0, 0.0, 0.0, 1.0],
                [0.416176, 0.019687, 0.909071, 0.124994, 0.461883, -0.865753, -0.192703, -0.002831, 0.783238, 0.500083, -0.369399, -1.2e-05, 0.0, 0.0, 0.0, 1.0],
                [0.422099, -0.029731, 0.906062, 0.124994, 0.464456, -0.851232, -0.244304, -0.002831, 0.778532, 0.523947, -0.345496, -1.2e-05, 0.0, 0.0, 0.0, 1.0],
                [0.44611, 0.028607, 0.894521, 0.124994, 0.450735, -0.870662, -0.196944, -0.002831, 0.773191, 0.49105, -0.401305, -1.2e-05, 0.0, 0.0, 0.0, 1.0],
                [0.481788, 0.087993, 0.871859, 0.124994, 0.42296, -0.894726, -0.143427, -0.002831, 0.767454, 0.437863, -0.468285, -1.2e-05, 0.0, 0.0, 0.0, 1.0],
                [0.52339, 0.145089, 0.83965, 0.124994, 0.382237, -0.920667, -0.079177, -0.002831, 0.76155, 0.362385, -0.537326, -1.2e-05, 0.0, 0.0, 0.0, 1.0],
                [0.56734, 0.198324, 0.799246, 0.124994, 0.327445, -0.944868, 0.002024, -0.002831, 0.755583, 0.260561, -0.601002, -1.2e-05, 0.0, 0.0, 0.0, 1.0],
                [0.612802, 0.357953, 0.704517, 0.124994, 0.253908, -0.933442, 0.253412, -0.002831, 0.748335, 0.023591, -0.662902, -1.2e-05, 0.0, 0.0, 0.0, 1.0],
                [0.546329, 0.387866, 0.742351, 0.124994, -0.005854, -0.884525, 0.466457, -0.002831, 0.83755, -0.259185, -0.480971, -1.2e-05, 0.0, 0.0, 0.0, 1.0],
                [0.313537, 0.307305, 0.898476, 0.124994, -0.084985, -0.933308, 0.348875, -0.002831, 0.945765, -0.185742, -0.26651, -1.2e-05, 0.0, 0.0, 0.0, 1.0],
                [0.091824, 0.334485, 0.937917, 0.124994, 0.308292, -0.905167, 0.292624, -0.002831, 0.94685, 0.262282, -0.186235, -1.2e-05, 0.0, 0.0, 0.0, 1.0],
                [0.058521, 0.421878, 0.904761, 0.124994, 0.51466, -0.789338, 0.334769, -0.002831, 0.855395, 0.446054, -0.263316, -1.2e-05, 0.0, 0.0, 0.0, 1.0],
                [0.381982, 0.605621, 0.698079, 0.124994, 0.430806, -0.784954, 0.445257, -0.002831, 0.817616, 0.130656, -0.560743, -1.2e-05, 0.0, 0.0, 0.0, 1.0],
                [0.614969, 0.652329, 0.443034, 0.124994, 0.319617, -0.719815, 0.616208, -0.002831, 0.720873, -0.237348, -0.651159, -1.2e-05, 0.0, 0.0, 0.0, 1.0],
                [0.610385, 0.691666, 0.386042, 0.124994, 0.221024, -0.616726, 0.755511, -0.002831, 0.760643, -0.375828, -0.529315, -1.2e-05, 0.0, 0.0, 0.0, 1.0],
                [0.508816, 0.778387, 0.367722, 0.124994, 0.12047, -0.487327, 0.86487, -0.002831, 0.852405, -0.39576, -0.341731, -1.2e-05, 0.0, 0.0, 0.0, 1.0],
                [0.392711, 0.873007, 0.289201, 0.124994, 0.023725, -0.323978, 0.945767, -0.002831, 0.919356, -0.364551, -0.147942, -1.2e-05, 0.0, 0.0, 0.0, 1.0],
                [0.307072, 0.935816, 0.173074, 0.124994, -0.069581, -0.159297, 0.984776, -0.002831, 0.949139, -0.31444, 0.016199, -1.2e-05, 0.0, 0.0, 0.0, 1.0],
                [0.2788, 0.958174, 0.064601, 0.124994, -0.142334, -0.025298, 0.989496, -0.002831, 0.949743, -0.285067, 0.129327, -1.2e-05, 0.0, 0.0, 0.0, 1.0],
                [0.303628, 0.952648, -0.016511, 0.124994, -0.179076, 0.074079, 0.981042, -0.002831, 0.935811, -0.294915, 0.193089, -1.2e-05, 0.0, 0.0, 0.0, 1.0],
                [0.348759, 0.934093, -0.076403, 0.124994, -0.192592, 0.151211, 0.969558, -0.002831, 0.917211, -0.323428, 0.232635, -1.2e-05, 0.0, 0.0, 0.0, 1.0],
                [0.396435, 0.909317, -0.126419, 0.124994, -0.198924, 0.219512, 0.955115, -0.002831, 0.896253, -0.353494, 0.267908, -1.2e-05, 0.0, 0.0, 0.0, 1.0],
                [0.444844, 0.880224, -0.165284, 0.124994, -0.200033, 0.277536, 0.93966, -0.002831, 0.872984, -0.38494, 0.299535, -1.2e-05, 0.0, 0.0, 0.0, 1.0],
                [0.492277, 0.848911, -0.192392, 0.124994, -0.198029, 0.324458, 0.924939, -0.002831, 0.847613, -0.417227, 0.327832, -1.2e-05, 0.0, 0.0, 0.0, 1.0],
                [0.537179, 0.817508, -0.207653, 0.124994, -0.195247, 0.360023, 0.912284, -0.002831, 0.820559, -0.449516, 0.353013, -1.2e-05, 0.0, 0.0, 0.0, 1.0],
                [0.578189, 0.788092, -0.211211, 0.124994, -0.194233, 0.384377, 0.902512, -0.002831, 0.792447, -0.480798, 0.375316, -1.2e-05, 0.0, 0.0, 0.0, 1.0],
                [0.615073, 0.761119, -0.205874, 0.124994, -0.195957, 0.400473, 0.89511, -0.002831, 0.763732, -0.510215, 0.395467, -1.2e-05, 0.0, 0.0, 0.0, 1.0],
                [0.648448, 0.735854, -0.195025, 0.124994, -0.199568, 0.411549, 0.88927, -0.002831, 0.734635, -0.537724, 0.413721, -1.2e-05, 0.0, 0.0, 0.0, 1.0],
                [0.678404, 0.712385, -0.179653, 0.124994, -0.204899, 0.418285, 0.884903, -0.002831, 0.705538, -0.563511, 0.429733, -1.2e-05, 0.0, 0.0, 0.0, 1.0],
                [0.705068, 0.69068, -0.160746, 0.124994, -0.211693, 0.421341, 0.881849, -0.002831, 0.676805, -0.587735, 0.443286, -1.2e-05, 0.0, 0.0, 0.0, 1.0],
                [0.728604, 0.670625, -0.139279, 0.124994, -0.21962, 0.42135, 0.879904, -0.002831, 0.648771, -0.610513, 0.45428, -1.2e-05, 0.0, 0.0, 0.0, 1.0],
                [0.749214, 0.652055, -0.116202, 0.124994, -0.228296, 0.418933, 0.87885, -0.002831, 0.621738, -0.631919, 0.462732, -1.2e-05, 0.0, 0.0, 0.0, 1.0],
                [0.767143, 0.634781, -0.092435, 0.124994, -0.237298, 0.4147, 0.878472, -0.002831, 0.59597, -0.65198, 0.468766, -1.2e-05, 0.0, 0.0, 0.0, 1.0],
                [0.78267, 0.618615, -0.068861, 0.124994, -0.246174, 0.409258, 0.878582, -0.002831, 0.571687, -0.670689, 0.472601, -1.2e-05, 0.0, 0.0, 0.0, 1.0],
                [0.796105, 0.603384, -0.046319, 0.124994, -0.254456, 0.403208, 0.87902, -0.002831, 0.549063, -0.688006, 0.47453, -1.2e-05, 0.0, 0.0, 0.0, 1.0],
                [0.807778, 0.588931, -0.025605, 0.124994, -0.261671, 0.397153, 0.879658, -0.002831, 0.528227, -0.703868, 0.474917, -1.2e-05, 0.0, 0.0, 0.0, 1.0],
                [0.818031, 0.575126, -0.007472, 0.124994, -0.26734, 0.39169, 0.880402, -0.002831, 0.509269, -0.718199, 0.474167, -1.2e-05, 0.0, 0.0, 0.0, 1.0],
                [0.827202, 0.561855, 0.007363, 0.124994, -0.270983, 0.387412, 0.881181, -0.002831, 0.492244, -0.730911, 0.472721, -1.2e-05, 0.0, 0.0, 0.0, 1.0],
                [0.835615, 0.549013, 0.018215, 0.124994, -0.272113, 0.384904, 0.881932, -0.002831, 0.477181, -0.741913, 0.471025, -1.2e-05, 0.0, 0.0, 0.0, 1.0],
                [0.843559, 0.536481, 0.024418, 0.124994, -0.270229, 0.384736, 0.882584, -0.002831, 0.464095, -0.75111, 0.469521, -1.2e-05, 0.0, 0.0, 0.0, 1.0],
                [0.850775, 0.524859, 0.026555, 0.124994, -0.26635, 0.387081, 0.882738, -0.002831, 0.453034, -0.758084, 0.469115, -1.2e-05, 0.0, 0.0, 0.0, 1.0],
                [0.856927, 0.514776, 0.026122, 0.124994, -0.261949, 0.39129, 0.882199, -0.002831, 0.443913, -0.762823, 0.470152, -1.2e-05, 0.0, 0.0, 0.0, 1.0],
                [0.862137, 0.506116, 0.023798, 0.124994, -0.257204, 0.396697, 0.88118, -0.002831, 0.436538, -0.765819, 0.472182, -1.2e-05, 0.0, 0.0, 0.0, 1.0],
                [0.866508, 0.498754, 0.020234, 0.124994, -0.252299, 0.402633, 0.879905, -0.002831, 0.430709, -0.767549, 0.474719, -1.2e-05, 0.0, 0.0, 0.0, 1.0],
                [0.870128, 0.492565, 0.016057, 0.124994, -0.247424, 0.408438, 0.878613, -0.002831, 0.426215, -0.768478, 0.477266, -1.2e-05, 0.0, 0.0, 0.0, 1.0],
                [0.873079, 0.487433, 0.011882, 0.124994, -0.242769, 0.41345, 0.877566, -0.002831, 0.422842, -0.769069, 0.479308, -1.2e-05, 0.0, 0.0, 0.0, 1.0],
                [0.875441, 0.483254, 0.008313, 0.124994, -0.238525, 0.417013, 0.877044, -0.002831, 0.420369, -0.769783, 0.480338, -1.2e-05, 0.0, 0.0, 0.0, 1.0],
                [0.877286, 0.479931, 0.005954, 0.124994, -0.234881, 0.418465, 0.877336, -0.002831, 0.418569, -0.771073, 0.47984, -1.2e-05, 0.0, 0.0, 0.0, 1.0],
                [0.87869, 0.477362, 0.005411, 0.124994, -0.232025, 0.417134, 0.878729, -0.002831, 0.417215, -0.773386, 0.477291, -1.2e-05, 0.0, 0.0, 0.0, 1.0],
                [0.879722, 0.475432, 0.007296, 0.124994, -0.230146, 0.412327, 0.881487, -0.002831, 0.416079, -0.777143, 0.472152, -1.2e-05, 0.0, 0.0, 0.0, 1.0],
                [0.879617, 0.475558, 0.010865, 0.124994, -0.227747, 0.400982, 0.887324, -0.002831, 0.417618, -0.782981, 0.461017, -1.2e-05, 0.0, 0.0, 0.0, 1.0],
                [0.877744, 0.478902, 0.014783, 0.124994, -0.22291, 0.380856, 0.897363, -0.002831, 0.424119, -0.790951, 0.441046, -1.2e-05, 0.0, 0.0, 0.0, 1.0],
                [0.874386, 0.48486, 0.018979, 0.124994, -0.215125, 0.352299, 0.910827, -0.002831, 0.434937, -0.800497, 0.412351, -1.2e-05, 0.0, 0.0, 0.0, 1.0],
                [0.869849, 0.492757, 0.023544, 0.124994, -0.203829, 0.315533, 0.926765, -0.002831, 0.449241, -0.810944, 0.374904, -1.2e-05, 0.0, 0.0, 0.0, 1.0],
                [0.864471, 0.501868, 0.028621, 0.124994, -0.188436, 0.270745, 0.944028, -0.002831, 0.466029, -0.821478, 0.328621, -1.2e-05, 0.0, 0.0, 0.0, 1.0],
                [0.858625, 0.511455, 0.034308, 0.124994, -0.168372, 0.21818, 0.961274, -0.002831, 0.484163, -0.83115, 0.27345, -1.2e-05, 0.0, 0.0, 0.0, 1.0],
                [0.852715, 0.520797, 0.040574, 0.124994, -0.14311, 0.158205, 0.97698, -0.002831, 0.502389, -0.838893, 0.209435, -1.2e-05, 0.0, 0.0, 0.0, 1.0],
                [0.847157, 0.529241, 0.04721, 0.124994, -0.112203, 0.091338, 0.989479, -0.002831, 0.51936, -0.843542, 0.13676, -1.2e-05, 0.0, 0.0, 0.0, 1.0],
                [0.842333, 0.536264, 0.053814, 0.124994, -0.075327, 0.018272, 0.996992, -0.002831, 0.533667, -0.843853, 0.055786, -1.2e-05, 0.0, 0.0, 0.0, 1.0],
                [0.838538, 0.541548, 0.059824, 0.124994, -0.032335, -0.060142, 0.997666, -0.002831, 0.543882, -0.838516, -0.03292, -1.2e-05, 0.0, 0.0, 0.0, 1.0],
                [0.835903, 0.545061, 0.06462, 0.124994, 0.01668, -0.142902, 0.989596, -0.002831, 0.548624, -0.826129, -0.128544, -1.2e-05, 0.0, 0.0, 0.0, 1.0],
                [0.83431, 0.547125, 0.067689, 0.124994, 0.071315, -0.228858, 0.970844, -0.002831, 0.546664, -0.805158, -0.229956, -1.2e-05, 0.0, 0.0, 0.0, 1.0],
                [0.83333, 0.548469, 0.068869, 0.124994, 0.130792, -0.316689, 0.939469, -0.002831, 0.53708, -0.77388, -0.335642, -1.2e-05, 0.0, 0.0, 0.0, 1.0],
                [0.832199, 0.550212, 0.068645, 0.124994, 0.193951, -0.404836, 0.893583, -0.002831, 0.51945, -0.730325, -0.443618, -1.2e-05, 0.0, 0.0, 0.0, 1.0],
                [0.830636, 0.553168, 0.063624, 0.124994, 0.256072, -0.48096, 0.838513, -0.002831, 0.494439, -0.680207, -0.541154, -1.2e-05, 0.0, 0.0, 0.0, 1.0],
                [0.829308, 0.556618, 0.049237, 0.124994, 0.312665, -0.535253, 0.784694, -0.002831, 0.463129, -0.635359, -0.617925, -1.2e-05, 0.0, 0.0, 0.0, 1.0],
                [0.828842, 0.558861, 0.026385, 0.124994, 0.362383, -0.572183, 0.735721, -0.002831, 0.426263, -0.600235, -0.67677, -1.2e-05, 0.0, 0.0, 0.0, 1.0],
                [0.830034, 0.557707, -0.002269, 0.124994, 0.403678, -0.597975, 0.692438, -0.002831, 0.384821, -0.575664, -0.721474, -1.2e-05, 0.0, 0.0, 0.0, 1.0],
                [0.833701, 0.551207, -0.033367, 0.124994, 0.435011, -0.618333, 0.654546, -0.002831, 0.340158, -0.560211, -0.755286, -1.2e-05, 0.0, 0.0, 0.0, 1.0],
                [0.840499, 0.538042, -0.063822, 0.124994, 0.455091, -0.63713, 0.62206, -0.002831, 0.294031, -0.551885, -0.780364, -1.2e-05, 0.0, 0.0, 0.0, 1.0],
                [0.850753, 0.5176, -0.091155, 0.124994, 0.463101, -0.656268, 0.595693, -0.002831, 0.248509, -0.549002, -0.798023, -1.2e-05, 0.0, 0.0, 0.0, 1.0],
                [0.864342, 0.489942, -0.113448, 0.124994, 0.458888, -0.676065, 0.576506, -0.002831, 0.205756, -0.550358, -0.809179, -1.2e-05, 0.0, 0.0, 0.0, 1.0],
                [0.880665, 0.455778, -0.129212, 0.124994, 0.443052, -0.695823, 0.565274, -0.002831, 0.16773, -0.555065, -0.81472, -1.2e-05, 0.0, 0.0, 0.0, 1.0],
                [0.89893, 0.416661, -0.135343, 0.124994, 0.41649, -0.716986, 0.558987, -0.002831, 0.135869, -0.55886, -0.818056, -1.2e-05, 0.0, 0.0, 0.0, 1.0],
                [0.917296, 0.375937, -0.131306, 0.124994, 0.382463, -0.739943, 0.55336, -0.002831, 0.110869, -0.557814, -0.822528, -1.2e-05, 0.0, 0.0, 0.0, 1.0],
                [0.934, 0.336474, -0.12012, 0.124994, 0.345158, -0.762988, 0.546548, -0.002831, 0.092249, -0.551937, -0.828768, -1.2e-05, 0.0, 0.0, 0.0, 1.0],
                [0.948238, 0.299688, -0.105036, 0.124994, 0.307652, -0.784952, 0.537773, -0.002831, 0.078716, -0.542251, -0.836521, -1.2e-05, 0.0, 0.0, 0.0, 1.0],
                [0.958524, 0.270877, -0.088638, 0.124994, 0.276577, -0.80894, 0.518769, -0.002831, 0.068819, -0.521769, -0.850307, -1.2e-05, 0.0, 0.0, 0.0, 1.0],
                [0.964485, 0.253703, -0.073498, 0.124994, 0.256963, -0.836842, 0.483389, -0.002831, 0.061131, -0.485108, -0.872315, -1.2e-05, 0.0, 0.0, 0.0, 1.0],
                [0.96726, 0.246206, -0.061578, 0.124994, 0.247885, -0.864494, 0.437268, -0.002831, 0.054424, -0.438216, -0.897221, -1.2e-05, 0.0, 0.0, 0.0, 1.0],
                [0.969077, 0.241576, -0.050299, 0.124994, 0.241826, -0.88922, 0.388339, -0.002831, 0.049087, -0.388494, -0.920143, -1.2e-05, 0.0, 0.0, 0.0, 1.0],
                [0.971424, 0.234382, -0.037421, 0.124994, 0.232874, -0.910702, 0.341163, -0.002831, 0.045883, -0.340129, -0.939259, -1.2e-05, 0.0, 0.0, 0.0, 1.0],
                [0.974045, 0.22509, -0.023885, 0.124994, 0.221953, -0.929067, 0.295923, -0.002831, 0.044419, -0.293544, -0.954913, -1.2e-05, 0.0, 0.0, 0.0, 1.0],
                [0.97673, 0.214216, -0.010411, 0.124994, 0.209842, -0.944503, 0.252744, -0.002831, 0.044309, -0.249047, -0.967477, -1.2e-05, 0.0, 0.0, 0.0, 1.0],
                [0.97932, 0.2023, 0.002465, 0.124994, 0.197203, -0.957231, 0.211707, -0.002831, 0.045188, -0.206843, -0.97733, -1.2e-05, 0.0, 0.0, 0.0, 1.0],
                [0.981702, 0.18988, 0.014365, 0.124994, 0.184601, -0.967488, 0.172886, -0.002831, 0.046726, -0.167071, -0.984837, -1.2e-05, 0.0, 0.0, 0.0, 1.0],
                [0.983804, 0.177489, 0.025036, 0.124994, 0.172524, -0.975519, 0.136375, -0.002831, 0.048628, -0.129848, -0.990341, -1.2e-05, 0.0, 0.0, 0.0, 1.0],
                [0.985589, 0.165634, 0.034339, 0.124994, 0.161397, -0.981579, 0.102243, -0.002831, 0.050642, -0.095227, -0.994167, -1.2e-05, 0.0, 0.0, 0.0, 1.0],
                [0.987044, 0.154808, 0.042176, 0.124994, 0.151599, -0.985897, 0.070896, -0.002831, 0.052556, -0.063583, -0.996592, -1.2e-05, 0.0, 0.0, 0.0, 1.0],
                [0.98817, 0.145476, 0.048555, 0.124994, 0.143467, -0.988738, 0.042587, -0.002831, 0.054203, -0.035117, -0.997912, -1.2e-05, 0.0, 0.0, 0.0, 1.0],
                [0.988974, 0.138132, 0.053379, 0.124994, 0.137311, -0.99035, 0.018778, -0.002831, 0.055458, -0.011242, -0.998398, -1.2e-05, 0.0, 0.0, 0.0, 1.0],
                [0.989463, 0.133305, 0.056506, 0.124994, 0.133419, -0.991058, 0.001766, -0.002831, 0.056236, 0.005791, -0.9984, -1.2e-05, 0.0, 0.0, 0.0, 1.0],
                [0.98963, 0.13158, 0.057612, 0.124994, 0.132063, -0.991231, -0.004626, -0.002831, 0.056498, 0.012186, -0.998328, -1.2e-05, 0.0, 0.0, 0.0, 1.0]
            ]
        },
        {
            "name": "Leg_R",
            "time": [0.0, 0.0167, 0.0333, 0.05, 0.0667, 0.0833, 0.1, 0.1167, 0.1333, 0.15, 0.1667, 0.1833, 0.2, 0.2167, 0.2333, 0.25, 0.2667, 0.2833, 0.3, 0.3167, 0.3333, 0.35, 0.3667, 0.3833, 0.4, 0.4167, 0.4333, 0.45, 0.4667, 0.4833, 0.5, 0.5167, 0.5333, 0.55, 0.5667, 0.5833, 0.6, 0.6167, 0.6333, 0.65, 0.6667, 0.6833, 0.7, 0.7167, 0.7333, 0.75, 0.7667, 0.7833, 0.8, 0.8167, 0.8333, 0.85, 0.8667, 0.8833, 0.9, 0.9167, 0.9333, 0.95, 0.9667, 0.9833, 1.0, 1.0167, 1.0333, 1.05, 1.0667, 1.0833, 1.1, 1.1167, 1.1333, 1.15, 1.1667, 1.1833, 1.2, 1.2167, 1.2333, 1.25, 1.2667, 1.2833, 1.3, 1.3167, 1.3333, 1.35, 1.3667, 1.3833, 1.4, 1.4167, 1.4333, 1.45, 1.4667, 1.4833, 1.5, 1.5167, 1.5333, 1.55, 1.5667, 1.5833, 1.6, 1.6167, 1.6333, 1.65, 1.6667, 1.6833, 1.7, 1.7167, 1.7333],
            "transform": [
                [1.0, -1e-06, 0.0, -0.0, -0.0, 0.227414, 0.973798, 0.374726, -1e-06, -0.973798, 0.227414, -0.0, 0.0, 0.0, 0.0, 1.0],
                [1.0, -1e-06, 0.0, -0.0, -0.0, 0.237095, 0.971487, 0.374726, -1e-06, -0.971487, 0.237095, 0.0, 0.0, 0.0, 0.0, 1.0],
                [1.0, -1e-06, 0.0, 0.0, -0.0, 0.303407, 0.952861, 0.374726, -1e-06, -0.952861, 0.303407, 0.0, 0.0, 0.0, 0.0, 1.0],
                [1.0, -1e-06, 1e-06, 0.0, -0.0, 0.423487, 0.905902, 0.374726, -1e-06, -0.905902, 0.423487, -0.0, 0.0, 0.0, 0.0, 1.0],
                [1.0, -1e-06, 1e-06, -0.0, -0.0, 0.593809, 0.804606, 0.374726, -1e-06, -0.804606, 0.593809, -0.0, 0.0, 0.0, 0.0, 1.0],
                [1.0, -0.0, 1e-06, -0.0, -0.0, 0.740185, 0.672402, 0.374726, -1e-06, -0.672402, 0.740186, 0.0, 0.0, 0.0, 0.0, 1.0],
                [1.0, -0.0, 1e-06, -0.0, -0.0, 0.8086, 0.588358, 0.374726, -1e-06, -0.588358, 0.8086, -0.0, 0.0, 0.0, 0.0, 1.0],
                [1.0, -0.0, 1e-06, 0.0, -0.0, 0.846204, 0.532859, 0.374726, -1e-06, -0.532859, 0.846204, -0.0, 0.0, 0.0, 0.0, 1.0],
                [1.0, -0.0, 1e-06, -0.0, -0.0, 0.862309, 0.506382, 0.374726, -1e-06, -0.506382, 0.862309, -0.0, 0.0, 0.0, 0.0, 1.0],
                [1.0, -0.0, 1e-06, -0.0, -0.0, 0.868063, 0.496454, 0.374726, -1e-06, -0.496454, 0.868063, 0.0, 0.0, 0.0, 0.0, 1.0],
                [1.0, -0.0, 1e-06, -0.0, -0.0, 0.875423, 0.483358, 0.374726, -1e-06, -0.483357, 0.875423, -0.0, 0.0, 0.0, 0.0, 1.0],
                [1.0, -0.0, 1e-06, -0.0, -0.0, 0.896799, 0.442438, 0.374726, -1e-06, -0.442438, 0.8968, 0.0, 0.0, 0.0, 0.0, 1.0],
                [1.0, -0.0, 1e-06, -0.0, -0.0, 0.933665, 0.358147, 0.374726, -1e-06, -0.358147, 0.933665, 0.0, 0.0, 0.0, 0.0, 1.0],
                [1.0, -0.0, 1e-06, 0.0, -0.0, 0.97396, 0.226718, 0.374726, -1e-06, -0.226718, 0.973961, 0.0, 0.0, 0.0, 0.0, 1.0],
                [1.0, 0.0, 1e-06, -0.0, -0.0, 0.999989, 0.004683, 0.374726, -1e-06, -0.004683, 0.999989, -0.0, 0.0, 0.0, 0.0, 1.0],
                [1.0, -0.0, 1e-06, -0.0, 0.0, 0.999989, 0.00469, 0.374726, -1e-06, -0.00469, 0.99999, 0.0, 0.0, 0.0, 0.0, 1.0],
                [1.0, -0.0, 1e-06, 0.0, 0.0, 0.999989, 0.004694, 0.374726, -1e-06, -0.004694, 0.999989, -0.0, 0.0, 0.0, 0.0, 1.0],
                [1.0, 0.0, 1e-06, 0.0, -0.0, 0.999988, 0.004691, 0.374726, -1e-06, -0.004691, 0.999989, -0.0, 0.0, 0.0, 0.0, 1.0],
                [1.0, -0.0, 1e-06, 0.0, -0.0, 0.999989, 0.004682, 0.374726, -1e-06, -0.004682, 0.999989, -0.0, 0.0, 0.0, 0.0, 1.0],
                [1.0, -0.0, 1e-06, -0.0, -0.0, 0.952822, 0.303529, 0.374726, -1e-06, -0.303529, 0.952822, -0.0, 0.0, 0.0, 0.0, 1.0],
                [1.0, -1e-06, 1e-06, 0.0, -0.0, 0.712965, 0.7012, 0.374726, -1e-06, -0.7012, 0.712965, 0.0, 0.0, 0.0, 0.0, 1.0],
                [1.0, -1e-06, 0.0, 0.0, -0.0, 0.434014, 0.900906, 0.374726, -1e-06, -0.900907, 0.434013, -0.0, 0.0, 0.0, 0.0, 1.0],
                [1.0, -1e-06, 0.0, 0.0, -0.0, 0.347767, 0.937581, 0.374726, -1e-06, -0.937581, 0.347767, -0.0, 0.0, 0.0, 0.0, 1.0],
                [1.0, -1e-06, 1e-06, 0.0, -0.0, 0.516523, 0.856273, 0.374726, -1e-06, -0.856273, 0.516523, -0.0, 0.0, 0.0, 0.0, 1.0],
                [1.0, -1e-06, 1e-06, -0.0, -0.0, 0.591866, 0.806036, 0.374726, -1e-06, -0.806036, 0.591866, 0.0, 0.0, 0.0, 0.0, 1.0],
                [1.0, -0.0, 1e-06, 0.0, -0.0, 0.567685, 0.823245, 0.374726, -1e-06, -0.823245, 0.567685, -0.0, 0.0, 0.0, 0.0, 1.0],
                [1.0, -0.0, 0.0, -0.0, -0.0, 0.535904, 0.844279, 0.374726, -1e-06, -0.844279, 0.535904, 0.0, 0.0, 0.0, 0.0, 1.0],
