{
    "animation": [
        {
            "name": "Root",
            "time": [0.0, 0.0167, 0.0333, 0.05, 0.0667, 0.0833, 0.1, 0.1167, 0.1333, 0.15, 0.1667, 0.1833, 0.2, 0.2167, 0.2333, 0.25, 0.2667, 0.2833, 0.3, 0.3167, 0.3333, 0.35, 0.3667, 0.3833, 0.4, 0.4167, 0.4333, 0.45, 0.4667, 0.4833, 0.5, 0.5167, 0.5333, 0.55, 0.5667, 0.5833, 0.6, 0.6167, 0.6333, 0.65, 0.6667, 0.6833, 0.7, 0.7167, 0.7333, 0.75, 0.7667, 0.7833, 0.8, 0.8167, 0.8333, 0.85, 0.8667, 0.8833, 0.9, 0.9167, 0.9333, 0.95, 0.9667, 0.9833, 1.0, 1.0167, 1.0333, 1.05, 1.0667, 1.0833, 1.1, 1.1167, 1.1333, 1.15, 1.1667, 1.1833, 1.2, 1.2167, 1.2333, 1.25, 1.2667, 1.2833, 1.3, 1.3167, 1.3333, 1.35, 1.3667, 1.3833, 1.4, 1.4167, 1.4333, 1.45, 1.4667, 1.4833, 1.5, 1.5167, 1.5333, 1.55, 1.5667, 1.5833, 1.6, 1.6167, 1.6333, 1.65, 1.6667, 1.6833, 1.7, 1.7167, 1.7333],
            "transform": [
                [0.746168, 0.202747, -0.634135, 0.000506, -0.612904, 0.581129, -0.535386, 0.002375, 0.259966, 0.788151, 0.557884, 0.478296, 0.0, 0.0, 0.0, 1.0],
                [0.701656, 0.236855, -0.671996, 0.000506, -0.665787, 0.553875, -0.49995, 0.004478, 0.253786, 0.798199, 0.546324, 0.485038, 0.0, 0.0, 0.0, 1.0],
                [0.663608, 0.273323, -0.696361, 0.000506, -0.710596, 0.521277, -0.472571, 0.007261, 0.233832, 0.808434, 0.540146, 0.4948, 0.0, 0.0, 0.0, 1.0],
                [0.631427, 0.310144, -0.710711, 0.000506, -0.74796, 0.48541, -0.452696, 0.010488, 0.204585, 0.817428, 0.538476, 0.506372, 0.0, 0.0, 0.0, 1.0],
                [0.604635, 0.345323, -0.717752, 0.000506, -0.778073, 0.448802, -0.439522, 0.013923, 0.170351, 0.824214, 0.540048, 0.518549, 0.0, 0.0, 0.0, 1.0],
                [0.583086, 0.376776, -0.719757, 0.000506, -0.801026, 0.414426, -0.431981, 0.017329, 0.135526, 0.828427, 0.543453, 0.530122, 0.0, 0.0, 0.0, 1.0],
                [0.567027, 0.402282, -0.718783, 0.000506, -0.817018, 0.385601, -0.428712, 0.020471, 0.104701, 0.83035, 0.547318, 0.539883, 0.0, 0.0, 0.0, 1.0],
                [0.556998, 0.419472, -0.716796, 0.000506, -0.826391, 0.36582, -0.428081, 0.023113, 0.082651, 0.830794, 0.550409, 0.546626, 0.0, 0.0, 0.0, 1.0],
                [0.553575, 0.4258, -0.715716, 0.000506, -0.829484, 0.358512, -0.428281, 0.025018, 0.07423, 0.830761, 0.551658, 0.549142, 0.0, 0.0, 0.0, 1.0],
                [0.563073, 0.429121, -0.706261, 0.005872, -0.8214, 0.384545, -0.42122, 0.026099, 0.090835, 0.817301, 0.569007, 0.546414, 0.0, 0.0, 0.0, 1.0],
                [0.598309, 0.432617, -0.67444, 0.019288, -0.791156, 0.45225, -0.411756, 0.026857, 0.126883, 0.779944, 0.612853, 0.538601, 0.0, 0.0, 0.0, 1.0],
                [0.666781, 0.423089, -0.613514, 0.036729, -0.72792, 0.546254, -0.414414, 0.027942, 0.1598, 0.722913, 0.672206, 0.526253, 0.0, 0.0, 0.0, 1.0],
                [0.769655, 0.382788, -0.510984, 0.054169, -0.616658, 0.653049, -0.439613, 0.030003, 0.165419, 0.653453, 0.738672, 0.509922, 0.0, 0.0, 0.0, 1.0],
                [0.893923, 0.289113, -0.342514, 0.067585, -0.432455, 0.757209, -0.489507, 0.033691, 0.117832, 0.585704, 0.801915, 0.490161, 0.0, 0.0, 0.0, 1.0],
                [0.990427, 0.119124, -0.069745, 0.072952, -0.137866, 0.828357, -0.542971, 0.039654, -0.006907, 0.547389, 0.83685, 0.467522, 0.0, 0.0, 0.0, 1.0],
                [0.899505, -0.156546, 0.407901, 0.004919, 0.363717, 0.785576, -0.50058, 0.282121, -0.242074, 0.598635, 0.763568, 0.444844, 0.0, 0.0, 0.0, 1.0],
                [0.567615, -0.317709, 0.759522, -0.063114, 0.730457, 0.619924, -0.286578, 0.683384, -0.379798, 0.717464, 0.583952, 0.434112, 0.0, 0.0, 0.0, 1.0],
                [0.416306, -0.313581, 0.853438, -0.04093, 0.814843, 0.545113, -0.197187, 0.879917, -0.403386, 0.777508, 0.482453, 0.436813, 0.0, 0.0, 0.0, 1.0],
                [0.376228, -0.263355, 0.888311, -0.013114, 0.825264, 0.53108, -0.192078, 0.923078, -0.421179, 0.805356, 0.417144, 0.441467, 0.0, 0.0, 0.0, 1.0],
                [0.331868, -0.203976, 0.921009, -0.004875, 0.836145, 0.515614, -0.187095, 0.941582, -0.436722, 0.832187, 0.34167, 0.444288, 0.0, 0.0, 0.0, 1.0],
                [0.273268, -0.146535, 0.950711, -0.001155, 0.851894, 0.49589, -0.168432, 0.958671, -0.446768, 0.855932, 0.260343, 0.445518, 0.0, 0.0, 0.0, 1.0],
                [0.21876, -0.099713, 0.970671, 0.00034, 0.863676, 0.482723, -0.145058, 0.971218, -0.4541, 0.870078, 0.19172, 0.446024, 0.0, 0.0, 0.0, 1.0],
                [0.186229, -0.073374, 0.979763, 0.001902, 0.864909, 0.485321, -0.128053, 0.976095, -0.466103, 0.871252, 0.153842, 0.446677, 0.0, 0.0, 0.0, 1.0],
                [0.174078, -0.065635, 0.982542, 0.005323, 0.857964, 0.499829, -0.118617, 0.975456, -0.483318, 0.863634, 0.143322, 0.448163, 0.0, 0.0, 0.0, 1.0],
                [0.167823, -0.066246, 0.983589, 0.01039, 0.849746, 0.515533, -0.110264, 0.973738, -0.499768, 0.854305, 0.142811, 0.45044, 0.0, 0.0, 0.0, 1.0],
                [0.165489, -0.072214, 0.983564, 0.01639, 0.841399, 0.530583, -0.102613, 0.971237, -0.514453, 0.844551, 0.148566, 0.45328, 0.0, 0.0, 0.0, 1.0],
                [0.16493, -0.080584, 0.983008, 0.022609, 0.834111, 0.543282, -0.095412, 0.968249, -0.526361, 0.835674, 0.156819, 0.456457, 0.0, 0.0, 0.0, 1.0],
                [0.163866, -0.088498, 0.982505, 0.028335, 0.829095, 0.55205, -0.088555, 0.96507, -0.534555, 0.829101, 0.163835, 0.459746, 0.0, 0.0, 0.0, 1.0],
                [0.159935, -0.093168, 0.982721, 0.032854, 0.827539, 0.555384, -0.082026, 0.961998, -0.538146, 0.826358, 0.165925, 0.462919, 0.0, 0.0, 0.0, 1.0],
                [0.152555, -0.095627, 0.983658, 0.035953, 0.828302, 0.55531, -0.074476, 0.95927, -0.539113, 0.826127, 0.163924, 0.465779, 0.0, 0.0, 0.0, 1.0],
                [0.143613, -0.098563, 0.984713, 0.03803, 0.829348, 0.55489, -0.065413, 0.956899, -0.53996, 0.826065, 0.161433, 0.468243, 0.0, 0.0, 0.0, 1.0],
                [0.134428, -0.101665, 0.985694, 0.03929, 0.830499, 0.554187, -0.056103, 0.954837, -0.540556, 0.82616, 0.15893, 0.470256, 0.0, 0.0, 0.0, 1.0],
                [0.126319, -0.104625, 0.986457, 0.039936, 0.831623, 0.553279, -0.047811, 0.953038, -0.540784, 0.826399, 0.156898, 0.471761, 0.0, 0.0, 0.0, 1.0],
                [0.12061, -0.107142, 0.986901, 0.040175, 0.832627, 0.552255, -0.041801, 0.951457, -0.540542, 0.826762, 0.155817, 0.472705, 0.0, 0.0, 0.0, 1.0],
                [0.118622, -0.108922, 0.986947, 0.040209, 0.833439, 0.551209, -0.039339, 0.950046, -0.53973, 0.827227, 0.156166, 0.473032, 0.0, 0.0, 0.0, 1.0],
                [0.119191, -0.110419, 0.986712, 0.040208, 0.834436, 0.549704, -0.039282, 0.948769, -0.538062, 0.82803, 0.157657, 0.473019, 0.0, 0.0, 0.0, 1.0],
                [0.120182, -0.112102, 0.986402, 0.040204, 0.835957, 0.547362, -0.039646, 0.947628, -0.535475, 0.829354, 0.159496, 0.472984, 0.0, 0.0, 0.0, 1.0],
                [0.121461, -0.113706, 0.986062, 0.040193, 0.837868, 0.544374, -0.040433, 0.946632, -0.532188, 0.831101, 0.161391, 0.472935, 0.0, 0.0, 0.0, 1.0],
                [0.122894, -0.114963, 0.985739, 0.040171, 0.840036, 0.54093, -0.041642, 0.945794, -0.528428, 0.833174, 0.16305, 0.472879, 0.0, 0.0, 0.0, 1.0],
                [0.124352, -0.115605, 0.985481, 0.040134, 0.842331, 0.537221, -0.043268, 0.945123, -0.524419, 0.835481, 0.164182, 0.472823, 0.0, 0.0, 0.0, 1.0],
                [0.125709, -0.115363, 0.985337, 0.04008, 0.844624, 0.53344, -0.045302, 0.94463, -0.520391, 0.837934, 0.164497, 0.472773, 0.0, 0.0, 0.0, 1.0],
                [0.126843, -0.113965, 0.985354, 0.040004, 0.846793, 0.529776, -0.047733, 0.944327, -0.516578, 0.840446, 0.163703, 0.472739, 0.0, 0.0, 0.0, 1.0],
                [0.127632, -0.111136, 0.985576, 0.039902, 0.848719, 0.526423, -0.050548, 0.944223, -0.513211, 0.842928, 0.161512, 0.472726, 0.0, 0.0, 0.0, 1.0],
                [0.12802, -0.106853, 0.985999, 0.039722, 0.850402, 0.523386, -0.053695, 0.944281, -0.510321, 0.845369, 0.157872, 0.472739, 0.0, 0.0, 0.0, 1.0],
                [0.128065, -0.101346, 0.986574, 0.039416, 0.851934, 0.520525, -0.057116, 0.944438, -0.507749, 0.84781, 0.153001, 0.472776, 0.0, 0.0, 0.0, 1.0],
                [0.127804, -0.09473, 0.987265, 0.038992, 0.853335, 0.517807, -0.060782, 0.944667, -0.505455, 0.850236, 0.147014, 0.47283, 0.0, 0.0, 0.0, 1.0],
                [0.127279, -0.087118, 0.988034, 0.038459, 0.854628, 0.515199, -0.064667, 0.944941, -0.5034, 0.852632, 0.140027, 0.472895, 0.0, 0.0, 0.0, 1.0],
                [0.126526, -0.078627, 0.988842, 0.037825, 0.855832, 0.512666, -0.068743, 0.945235, -0.50154, 0.85498, 0.132157, 0.472964, 0.0, 0.0, 0.0, 1.0],
                [0.125585, -0.069374, 0.989654, 0.037097, 0.856967, 0.510177, -0.072984, 0.945521, -0.499836, 0.857267, 0.123521, 0.473031, 0.0, 0.0, 0.0, 1.0],
                [0.124492, -0.059476, 0.990436, 0.036284, 0.858052, 0.507701, -0.077365, 0.945773, -0.498244, 0.859478, 0.114238, 0.473091, 0.0, 0.0, 0.0, 1.0],
                [0.123299, -0.04905, 0.991157, 0.035395, 0.859104, 0.505211, -0.08187, 0.945984, -0.496727, 0.861601, 0.104431, 0.473141, 0.0, 0.0, 0.0, 1.0],
                [0.122096, -0.038204, 0.991783, 0.034436, 0.860126, 0.50269, -0.086524, 0.946224, -0.495253, 0.863622, 0.094236, 0.473197, 0.0, 0.0, 0.0, 1.0],
                [0.12099, -0.027042, 0.992285, 0.033416, 0.86112, 0.500124, -0.091368, 0.94658, -0.493794, 0.865532, 0.083796, 0.473281, 0.0, 0.0, 0.0, 1.0],
                [0.120086, -0.015669, 0.99264, 0.032343, 0.862087, 0.497499, -0.096439, 0.947143, -0.492326, 0.867323, 0.073251, 0.473414, 0.0, 0.0, 0.0, 1.0],
                [0.119486, -0.004191, 0.992827, 0.031226, 0.863026, 0.494801, -0.101776, 0.948001, -0.490825, 0.868997, 0.062739, 0.473616, 0.0, 0.0, 0.0, 1.0],
                [0.119298, 0.007289, 0.992832, 0.030072, 0.863935, 0.492014, -0.107422, 0.949242, -0.48927, 0.870557, 0.052399, 0.473908, 0.0, 0.0, 0.0, 1.0],
                [0.119624, 0.018666, 0.992644, 0.028889, 0.864809, 0.489124, -0.113416, 0.950956, -0.487643, 0.872014, 0.042368, 0.474312, 0.0, 0.0, 0.0, 1.0],
                [0.120569, 0.029837, 0.992257, 0.027686, 0.865644, 0.486116, -0.119801, 0.953232, -0.485926, 0.873385, 0.032783, 0.474849, 0.0, 0.0, 0.0, 1.0],
                [0.122236, 0.040697, 0.991666, 0.02647, 0.86643, 0.482976, -0.12662, 0.956157, -0.484104, 0.874687, 0.023777, 0.475538, 0.0, 0.0, 0.0, 1.0],
                [0.124732, 0.051143, 0.990871, 0.025251, 0.867159, 0.479688, -0.133918, 0.959821, -0.482158, 0.875947, 0.015483, 0.476402, 0.0, 0.0, 0.0, 1.0],
                [0.128161, 0.061074, 0.989871, 0.024035, 0.867816, 0.47624, -0.141742, 0.964314, -0.480073, 0.877192, 0.008034, 0.47746, 0.0, 0.0, 0.0, 1.0],
                [0.132626, 0.070385, 0.988664, 0.02283, 0.868384, 0.472617, -0.150138, 0.969722, -0.477827, 0.878452, 0.00156, 0.478735, 0.0, 0.0, 0.0, 1.0],
                [0.138235, 0.078973, 0.987246, 0.021646, 0.868842, 0.468809, -0.159157, 0.976137, -0.475399, 0.879762, -0.003809, 0.480247, 0.0, 0.0, 0.0, 1.0],
                [0.145092, 0.086731, 0.985609, 0.02049, 0.869163, 0.464806, -0.168851, 0.983645, -0.472762, 0.881155, -0.007944, 0.482016, 0.0, 0.0, 0.0, 1.0],
                [0.153303, 0.093552, 0.983741, 0.01937, 0.869316, 0.460599, -0.179274, 0.992337, -0.469881, 0.882665, -0.010715, 0.484064, 0.0, 0.0, 0.0, 1.0],
                [0.163132, 0.099455, 0.981579, 0.018293, 0.869191, 0.456232, -0.19068, 1.00231, -0.466792, 0.884286, -0.012019, 0.487087, 0.0, 0.0, 0.0, 1.0],
                [0.174784, 0.104585, 0.979036, 0.017258, 0.868677, 0.451723, -0.203337, 1.013513, -0.46352, 0.886007, -0.011896, 0.491675, 0.0, 0.0, 0.0, 1.0],
                [0.188284, 0.109021, 0.976045, 0.016266, 0.86772, 0.447028, -0.21732, 1.02581, -0.460012, 0.887852, -0.010432, 0.497695, 0.0, 0.0, 0.0, 1.0],
                [0.203658, 0.11284, 0.972518, 0.015314, 0.866255, 0.442099, -0.232702, 1.039067, -0.456208, 0.88984, -0.007711, 0.505013, 0.0, 0.0, 0.0, 1.0],
                [0.220932, 0.116113, 0.968353, 0.014402, 0.864204, 0.43689, -0.249557, 1.053148, -0.452041, 0.891989, -0.003823, 0.513495, 0.0, 0.0, 0.0, 1.0],
                [0.240127, 0.118907, 0.963431, 0.013528, 0.861474, 0.431351, -0.267952, 1.067917, -0.447439, 0.894314, 0.001143, 0.523006, 0.0, 0.0, 0.0, 1.0],
                [0.261263, 0.121284, 0.957618, 0.012691, 0.857958, 0.42543, -0.287955, 1.083238, -0.442324, 0.896827, 0.007093, 0.533414, 0.0, 0.0, 0.0, 1.0],
                [0.284357, 0.1233, 0.950757, 0.01189, 0.853528, 0.419073, -0.309625, 1.098977, -0.436613, 0.899541, 0.013927, 0.544584, 0.0, 0.0, 0.0, 1.0],
                [0.309412, 0.125006, 0.942676, 0.011123, 0.848041, 0.412223, -0.333014, 1.114997, -0.430221, 0.902467, 0.021537, 0.556381, 0.0, 0.0, 0.0, 1.0],
                [0.336424, 0.126446, 0.933183, 0.010391, 0.841333, 0.404817, -0.358164, 1.131164, -0.423057, 0.905613, 0.029807, 0.568672, 0.0, 0.0, 0.0, 1.0],
                [0.365371, 0.127657, 0.922067, 0.00969, 0.833219, 0.396793, -0.385099, 1.147342, -0.415031, 0.908988, 0.038611, 0.581324, 0.0, 0.0, 0.0, 1.0],
                [0.396214, 0.128667, 0.909098, 0.009021, 0.823491, 0.388082, -0.41383, 1.163395, -0.406051, 0.912599, 0.047807, 0.594201, 0.0, 0.0, 0.0, 1.0],
                [0.42889, 0.129494, 0.894027, 0.008382, 0.811921, 0.378611, -0.444341, 1.179188, -0.396028, 0.916453, 0.057243, 0.60717, 0.0, 0.0, 0.0, 1.0],
                [0.463307, 0.130147, 0.876589, 0.007772, 0.798258, 0.368305, -0.476589, 1.194586, -0.384878, 0.920551, 0.066747, 0.620097, 0.0, 0.0, 0.0, 1.0],
                [0.499339, 0.130621, 0.856504, 0.007189, 0.782231, 0.357085, -0.510495, 1.209452, -0.372526, 0.924894, 0.076131, 0.632848, 0.0, 0.0, 0.0, 1.0],
                [0.536818, 0.130897, 0.833482, 0.006633, 0.763553, 0.344872, -0.54594, 1.223652, -0.358907, 0.929478, 0.085187, 0.645289, 0.0, 0.0, 0.0, 1.0],
                [0.57553, 0.130942, 0.80723, 0.006102, 0.741922, 0.331584, -0.582755, 1.23705, -0.343972, 0.934294, 0.093687, 0.657286, 0.0, 0.0, 0.0, 1.0],
                [0.615208, 0.130708, 0.777454, 0.005595, 0.717031, 0.317142, -0.620715, 1.249511, -0.327696, 0.939328, 0.101387, 0.668705, 0.0, 0.0, 0.0, 1.0],
                [0.655529, 0.130126, 0.743874, 0.005112, 0.688573, 0.301471, -0.659532, 1.260899, -0.310078, 0.944554, 0.108022, 0.679411, 0.0, 0.0, 0.0, 1.0],
                [0.696106, 0.129112, 0.706234, 0.004649, 0.656251, 0.284501, -0.698851, 1.271078, -0.291154, 0.949942, 0.113313, 0.689272, 0.0, 0.0, 0.0, 1.0],
                [0.736423, 0.127544, 0.664389, 0.004208, 0.619859, 0.266225, -0.738173, 1.279922, -0.271026, 0.955435, 0.116995, 0.698187, 0.0, 0.0, 0.0, 1.0],
                [0.775683, 0.125231, 0.618573, 0.003787, 0.579513, 0.246852, -0.776678, 1.287342, -0.24996, 0.960927, 0.118906, 0.706194, 0.0, 0.0, 0.0, 1.0],
                [0.813069, 0.122007, 0.569239, 0.003387, 0.535542, 0.226668, -0.813521, 1.293254, -0.228283, 0.9663, 0.118957, 0.713364, 0.0, 0.0, 0.0, 1.0],
                [0.847854, 0.117763, 0.516986, 0.003009, 0.48843, 0.205985, -0.847943, 1.297578, -0.206348, 0.971443, 0.117127, 0.719769, 0.0, 0.0, 0.0, 1.0],
                [0.879437, 0.112454, 0.462541, 0.002652, 0.438801, 0.185126, -0.879308, 1.300232, -0.18451, 0.976259, 0.113462, 0.72548, 0.0, 0.0, 0.0, 1.0],
                [0.907369, 0.106099, 0.406724, 0.002316, 0.387395, 0.164412, -0.907135, 1.301135, -0.163116, 0.980669, 0.10808, 0.73057, 0.0, 0.0, 0.0, 1.0],
                [0.931371, 0.098779, 0.350416, 0.002002, 0.335031, 0.144153, -0.931115, 1.299529, -0.142488, 0.984613, 0.101166, 0.735103, 0.0, 0.0, 0.0, 1.0],
                [0.951341, 0.090633, 0.294511, 0.00171, 0.282568, 0.124631, -0.951117, 1.295031, -0.122908, 0.988055, 0.092957, 0.739115, 0.0, 0.0, 0.0, 1.0],
                [0.967345, 0.081844, 0.239885, 0.00144, 0.230868, 0.106095, -0.967183, 1.288124, -0.104608, 0.990982, 0.083736, 0.742636, 0.0, 0.0, 0.0, 1.0],
                [0.979603, 0.072628, 0.187359, 0.001193, 0.180762, 0.088752, -0.979514, 1.27929, -0.087769, 0.993402, 0.073813, 0.745695, 0.0, 0.0, 0.0, 1.0],
                [0.988457, 0.063227, 0.137677, 0.000968, 0.13302, 0.072764, -0.988439, 1.26901, -0.072514, 0.995343, 0.063513, 0.748323, 0.0, 0.0, 0.0, 1.0],
                [0.994347, 0.05389, 0.09149, 0.000766, 0.088337, 0.058253, -0.994386, 1.257766, -0.058917, 0.996846, 0.053163, 0.750549, 0.0, 0.0, 0.0, 1.0],
                [0.997773, 0.044868, 0.049356, 0.000587, 0.047322, 0.045304, -0.997852, 1.246041, -0.047007, 0.997965, 0.04308, 0.752402, 0.0, 0.0, 0.0, 1.0],
                [0.999268, 0.036403, 0.011741, 0.000431, 0.010505, 0.03397, -0.999368, 1.234315, -0.036779, 0.99876, 0.033562, 0.753912, 0.0, 0.0, 0.0, 1.0],
                [0.999368, 0.028727, -0.02096, 0.000299, -0.02166, 0.024284, -0.99947, 1.223071, -0.028203, 0.999292, 0.024891, 0.755109, 0.0, 0.0, 0.0, 1.0],
                [0.998584, 0.022054, -0.048411, 0.00019, -0.048775, 0.016269, -0.998677, 1.212791, -0.021237, 0.999624, 0.017322, 0.756021, 0.0, 0.0, 0.0, 1.0],
                [0.997387, 0.01658, -0.070311, 0.000105, -0.070482, 0.009946, -0.997463, 1.203957, -0.015838, 0.999813, 0.011088, 0.75668, 0.0, 0.0, 0.0, 1.0],
                [0.996185, 0.012483, -0.086365, 4.4e-05, -0.086437, 0.005345, -0.996243, 1.19705, -0.011974, 0.999908, 0.006403, 0.757113, 0.0, 0.0, 0.0, 1.0],
                [0.995307, 0.009924, -0.096262, 8e-06, -0.096291, 0.002518, -0.99535, 1.192553, -0.009635, 0.999948, 0.003462, 0.757352, 0.0, 0.0, 0.0, 1.0],
                [0.994981, 0.009043, -0.09965, -5e-06, -0.099668, 0.001551, -0.995019, 1.190946, -0.008843, 0.999958, 0.002444, 0.757425, 0.0, 0.0, 0.0, 1.0]
            ]
        },
        {
            "name": "Thigh_R",
            "time": [0.0, 0.0167, 0.0333, 0.05, 0.0667, 0.0833, 0.1, 0.1167, 0.1333, 0.15, 0.1667, 0.1833, 0.2, 0.2167, 0.2333, 0.25, 0.2667, 0.2833, 0.3, 0.3167, 0.3333, 0.35, 0.3667, 0.3833, 0.4, 0.4167, 0.4333, 0.45, 0.4667, 0.4833, 0.5, 0.5167, 0.5333, 0.55, 0.5667, 0.5833, 0.6, 0.6167, 0.6333, 0.65, 0.6667, 0.6833, 0.7, 0.7167, 0.7333, 0.75, 0.7667, 0.7833, 0.8, 0.8167, 0.8333, 0.85, 0.8667, 0.8833, 0.9, 0.9167, 0.9333, 0.95, 0.9667, 0.9833, 1.0, 1.0167, 1.0333, 1.05, 1.0667, 1.0833, 1.1, 1.1167, 1.1333, 1.15, 1.1667, 1.1833, 1.2, 1.2167, 1.2333, 1.25, 1.2667, 1.2833, 1.3, 1.3167, 1.3333, 1.35, 1.3667, 1.3833, 1.4, 1.4167, 1.4333, 1.45, 1.4667, 1.4833, 1.5, 1.5167, 1.5333, 1.55, 1.5667, 1.5833, 1.6, 1.6167, 1.6333, 1.65, 1.6667, 1.6833, 1.7, 1.7167, 1.7333],
            "transform": [
                [0.803178, 0.573959, 0.159609, 0.124994, 0.407402, -0.724659, 0.555782, -0.002831, 0.434658, -0.381367, -0.815862, -1.2e-05, 0.0, 0.0, 0.0, 1.0],
                [0.797111, 0.592295, 0.117476, 0.124994, 0.426358, -0.689842, 0.585096, -0.002831, 0.427589, -0.4163, -0.80241, -1.2e-05, 0.0, 0.0, 0.0, 1.0],
                [0.786365, 0.612334, 0.08171, 0.124994, 0.449816, -0.658213, 0.603673, -0.002831, 0.423432, -0.437954, -0.793033, -1.2e-05, 0.0, 0.0, 0.0, 1.0],
                [0.771805, 0.63375, 0.051768, 0.124994, 0.476256, -0.630101, 0.613314, -0.002831, 0.421306, -0.448704, -0.788141, -1.2e-05, 0.0, 0.0, 0.0, 1.0],
                [0.754448, 0.655756, 0.02814, 0.124994, 0.503656, -0.605883, 0.615822, -0.002831, 0.420879, -0.450433, -0.787383, -1.2e-05, 0.0, 0.0, 0.0, 1.0],
                [0.735875, 0.677017, 0.011655, 0.124994, 0.52956, -0.586155, 0.613179, -0.002831, 0.421964, -0.445052, -0.789858, -1.2e-05, 0.0, 0.0, 0.0, 1.0],
                [0.718391, 0.695634, 0.002805, 0.124994, 0.551254, -0.571738, 0.607647, -0.002831, 0.424303, -0.434983, -0.794202, -1.2e-05, 0.0, 0.0, 0.0, 1.0],
                [0.704942, 0.709264, 0.00124, 0.124994, 0.565936, -0.56354, 0.601779, -0.002831, 0.427519, -0.423518, -0.798661, -1.2e-05, 0.0, 0.0, 0.0, 1.0],
                [0.698743, 0.71535, 0.005731, 0.124994, 0.570813, -0.562355, 0.598272, -0.002831, 0.431197, -0.414768, -0.801272, -1.2e-05, 0.0, 0.0, 0.0, 1.0],
                [0.711431, 0.702431, 0.021339, 0.124994, 0.548667, -0.574158, 0.607707, -0.002831, 0.439124, -0.420633, -0.793875, -1.2e-05, 0.0, 0.0, 0.0, 1.0],
                [0.740555, 0.669214, 0.061077, 0.124994, 0.493525, -0.603312, 0.626457, -0.002831, 0.456082, -0.433783, -0.777059, -1.2e-05, 0.0, 0.0, 0.0, 1.0],
                [0.769588, 0.624585, 0.132768, 0.124994, 0.418982, -0.650838, 0.633138, -0.002831, 0.481859, -0.431628, -0.762568, -1.2e-05, 0.0, 0.0, 0.0, 1.0],
                [0.788472, 0.56693, 0.238541, 0.124994, 0.337749, -0.723204, 0.602413, -0.002831, 0.51404, -0.394419, -0.761706, -1.2e-05, 0.0, 0.0, 0.0, 1.0],
                [0.800296, 0.471413, 0.370535, 0.124994, 0.258391, -0.828784, 0.496337, -0.002831, 0.541073, -0.301474, -0.785082, -1.2e-05, 0.0, 0.0, 0.0, 1.0],
                [0.833363, 0.265301, 0.484893, 0.124994, 0.165255, -0.956742, 0.23945, -0.002831, 0.527444, -0.119418, -0.841156, -1.2e-05, 0.0, 0.0, 0.0, 1.0],
                [0.755056, 0.117899, 0.644973, 0.124994, 0.053239, -0.991477, 0.118912, -0.002831, 0.653495, -0.055448, -0.754897, -1.2e-05, 0.0, 0.0, 0.0, 1.0],
                [0.617943, 0.388786, 0.683368, 0.124994, 0.075693, -0.894559, 0.440493, -0.002831, 0.782571, -0.220474, -0.582215, -1.2e-05, 0.0, 0.0, 0.0, 1.0],
                [0.405202, 0.914119, 0.014097, 0.124994, 0.305154, -0.149769, 0.940452, -0.002831, 0.861796, -0.376772, -0.339634, -1.2e-05, 0.0, 0.0, 0.0, 1.0],
                [0.236467, 0.848144, -0.474063, 0.124994, 0.400844, 0.359293, 0.842753, -0.002831, 0.885103, -0.389309, -0.255012, -1.2e-05, 0.0, 0.0, 0.0, 1.0],
                [0.170499, 0.843869, -0.508738, 0.124994, 0.509146, 0.366584, 0.778708, -0.002831, 0.843623, -0.391791, -0.367151, -1.2e-05, 0.0, 0.0, 0.0, 1.0],
                [0.111237, 0.873064, -0.474748, 0.124994, 0.594264, 0.324458, 0.73592, -0.002831, 0.796541, -0.363988, -0.482738, -1.2e-05, 0.0, 0.0, 0.0, 1.0],
                [0.068332, 0.898355, -0.433922, 0.124994, 0.656534, 0.286997, 0.697564, -0.002831, 0.751195, -0.33255, -0.570189, -1.2e-05, 0.0, 0.0, 0.0, 1.0],
                [0.043684, 0.907702, -0.417336, 0.124994, 0.697049, 0.271563, 0.663609, -0.002831, 0.715692, -0.319893, -0.62085, -1.2e-05, 0.0, 0.0, 0.0, 1.0],
                [0.032932, 0.904529, -0.425138, 0.124994, 0.726526, 0.270445, 0.63168, -0.002831, 0.686349, -0.329676, -0.648257, -1.2e-05, 0.0, 0.0, 0.0, 1.0],
                [0.02974, 0.898186, -0.438607, 0.124994, 0.752325, 0.268798, 0.60146, -0.002831, 0.65812, -0.347863, -0.667734, -1.2e-05, 0.0, 0.0, 0.0, 1.0],
                [0.030152, 0.890311, -0.454353, 0.124994, 0.772336, 0.267797, 0.576005, -0.002831, 0.634498, -0.368281, -0.679545, -1.2e-05, 0.0, 0.0, 0.0, 1.0],
                [0.031807, 0.882753, -0.46876, 0.124994, 0.785899, 0.267682, 0.557413, -0.002831, 0.617536, -0.386128, -0.68524, -1.2e-05, 0.0, 0.0, 0.0, 1.0],
                [0.033534, 0.877645, -0.478138, 0.124994, 0.793115, 0.267738, 0.547069, -0.002831, 0.608148, -0.397564, -0.687094, -1.2e-05, 0.0, 0.0, 0.0, 1.0],
                [0.034593, 0.877263, -0.478763, 0.124994, 0.794077, 0.26675, 0.546156, -0.002831, 0.606832, -0.399067, -0.687386, -1.2e-05, 0.0, 0.0, 0.0, 1.0],
                [0.03372, 0.881061, -0.4718, 0.124994, 0.79175, 0.264536, 0.550593, -0.002831, 0.609914, -0.392114, -0.688659, -1.2e-05, 0.0, 0.0, 0.0, 1.0],
                [0.030939, 0.886297, -0.462084, 0.124994, 0.789446, 0.261879, 0.555153, -0.002831, 0.61304, -0.381966, -0.69158, -1.2e-05, 0.0, 0.0, 0.0, 1.0],
                [0.027216, 0.891964, -0.451287, 0.124994, 0.787298, 0.259059, 0.559509, -0.002831, 0.615972, -0.370525, -0.695191, -1.2e-05, 0.0, 0.0, 0.0, 1.0],
                [0.023529, 0.897153, -0.441093, 0.124994, 0.785439, 0.256374, 0.563346, -0.002831, 0.618492, -0.359707, -0.698627, -1.2e-05, 0.0, 0.0, 0.0, 1.0],
                [0.020858, 0.901048, -0.433218, 0.124994, 0.783996, 0.254151, 0.566355, -0.002831, 0.620416, -0.351454, -0.701117, -1.2e-05, 0.0, 0.0, 0.0, 1.0],
                [0.020179, 0.902895, -0.429389, 0.124994, 0.783095, 0.252733, 0.568234, -0.002831, 0.621575, -0.347718, -0.701952, -1.2e-05, 0.0, 0.0, 0.0, 1.0],
                [0.021638, 0.903484, -0.428076, 0.124994, 0.782379, 0.251269, 0.569866, -0.002831, 0.622427, -0.347248, -0.701429, -1.2e-05, 0.0, 0.0, 0.0, 1.0],
                [0.024508, 0.904105, -0.426608, 0.124994, 0.781519, 0.248781, 0.572134, -0.002831, 0.623401, -0.347425, -0.700477, -1.2e-05, 0.0, 0.0, 0.0, 1.0],
                [0.028451, 0.904746, -0.425, 0.124994, 0.780674, 0.245427, 0.574729, -0.002831, 0.624291, -0.348139, -0.699329, -1.2e-05, 0.0, 0.0, 0.0, 1.0],
                [0.033128, 0.905399, -0.423268, 0.124994, 0.780007, 0.241367, 0.577349, -0.002831, 0.624893, -0.349278, -0.698221, -1.2e-05, 0.0, 0.0, 0.0, 1.0],
                [0.038202, 0.906055, -0.421433, 0.124994, 0.779683, 0.236758, 0.57969, -0.002831, 0.625008, -0.35073, -0.69739, -1.2e-05, 0.0, 0.0, 0.0, 1.0],
                [0.043338, 0.906708, -0.419527, 0.124994, 0.779871, 0.231759, 0.581454, -0.002831, 0.624438, -0.352376, -0.697072, -1.2e-05, 0.0, 0.0, 0.0, 1.0],
                [0.048202, 0.90736, -0.417582, 0.124994, 0.780746, 0.226527, 0.582341, -0.002831, 0.622986, -0.354095, -0.697499, -1.2e-05, 0.0, 0.0, 0.0, 1.0],
                [0.052462, 0.908016, -0.415639, 0.124994, 0.782483, 0.221221, 0.58205, -0.002831, 0.620458, -0.355766, -0.698901, -1.2e-05, 0.0, 0.0, 0.0, 1.0],
                [0.055965, 0.908768, -0.413532, 0.124994, 0.785035, 0.215866, 0.580622, -0.002831, 0.616918, -0.357132, -0.701333, -1.2e-05, 0.0, 0.0, 0.0, 1.0],
                [0.058811, 0.909697, -0.411087, 0.124994, 0.788186, 0.210401, 0.578355, -0.002831, 0.61262, -0.358027, -0.704637, -1.2e-05, 0.0, 0.0, 0.0, 1.0],
                [0.061049, 0.910795, -0.408321, 0.124994, 0.791855, 0.204851, 0.575328, -0.002831, 0.60765, -0.358455, -0.708711, -1.2e-05, 0.0, 0.0, 0.0, 1.0],
                [0.06273, 0.91205, -0.405253, 0.124994, 0.795959, 0.199244, 0.571622, -0.002831, 0.602092, -0.358423, -0.713455, -1.2e-05, 0.0, 0.0, 0.0, 1.0],
                [0.063902, 0.913452, -0.401898, 0.124994, 0.800416, 0.193612, 0.567316, -0.002831, 0.596029, -0.357939, -0.718769, -1.2e-05, 0.0, 0.0, 0.0, 1.0],
                [0.064613, 0.914987, -0.398276, 0.124994, 0.805147, 0.187986, 0.562495, -0.002831, 0.589546, -0.357016, -0.724552, -1.2e-05, 0.0, 0.0, 0.0, 1.0],
                [0.064911, 0.916642, -0.394403, 0.124994, 0.81007, 0.182399, 0.55724, -0.002831, 0.582728, -0.355666, -0.730705, -1.2e-05, 0.0, 0.0, 0.0, 1.0],
                [0.064865, 0.918395, -0.390313, 0.124994, 0.815107, 0.176878, 0.551647, -0.002831, 0.575668, -0.35393, -0.737116, -1.2e-05, 0.0, 0.0, 0.0, 1.0],
                [0.064631, 0.92019, -0.386101, 0.124994, 0.820163, 0.171425, 0.545845, -0.002831, 0.568468, -0.351944, -0.743626, -1.2e-05, 0.0, 0.0, 0.0, 1.0],
                [0.064387, 0.921969, -0.381874, 0.124994, 0.825144, 0.166029, 0.539974, -0.002831, 0.561241, -0.349868, -0.750067, -1.2e-05, 0.0, 0.0, 0.0, 1.0],
                [0.064305, 0.923675, -0.377742, 0.124994, 0.829963, 0.160674, 0.534177, -0.002831, 0.554099, -0.347862, -0.756284, -1.2e-05, 0.0, 0.0, 0.0, 1.0],
                [0.064555, 0.925254, -0.373814, 0.124994, 0.834536, 0.155337, 0.528602, -0.002831, 0.547159, -0.346085, -0.76213, -1.2e-05, 0.0, 0.0, 0.0, 1.0],
                [0.065304, 0.926656, -0.370194, 0.124994, 0.838782, 0.149984, 0.523401, -0.002831, 0.540536, -0.344692, -0.767468, -1.2e-05, 0.0, 0.0, 0.0, 1.0],
                [0.066719, 0.927834, -0.366978, 0.124994, 0.842626, 0.144576, 0.518728, -0.002831, 0.53435, -0.343834, -0.772171, -1.2e-05, 0.0, 0.0, 0.0, 1.0],
                [0.068964, 0.928744, -0.364251, 0.124994, 0.845994, 0.13906, 0.514739, -0.002831, 0.528714, -0.343652, -0.776121, -1.2e-05, 0.0, 0.0, 0.0, 1.0],
                [0.072204, 0.929345, -0.362084, 0.124994, 0.848811, 0.133377, 0.511596, -0.002831, 0.523742, -0.34428, -0.779208, -1.2e-05, 0.0, 0.0, 0.0, 1.0],
                [0.076609, 0.929598, -0.360526, 0.124994, 0.851003, 0.127452, 0.509459, -0.002831, 0.519542, -0.345838, -0.781327, -1.2e-05, 0.0, 0.0, 0.0, 1.0],
                [0.082352, 0.929466, -0.359599, 0.124994, 0.852491, 0.121199, 0.508497, -0.002831, 0.516214, -0.34843, -0.782381, -1.2e-05, 0.0, 0.0, 0.0, 1.0],
                [0.089611, 0.928914, -0.359289, 0.124994, 0.853189, 0.114519, 0.508876, -0.002831, 0.513847, -0.352143, -0.782276, -1.2e-05, 0.0, 0.0, 0.0, 1.0],
                [0.098576, 0.927906, -0.359547, 0.124994, 0.852999, 0.107295, 0.510765, -0.002831, 0.512519, -0.357042, -0.780925, -1.2e-05, 0.0, 0.0, 0.0, 1.0],
                [0.109444, 0.926406, -0.360271, 0.124994, 0.851812, 0.099389, 0.514334, -0.002831, 0.512289, -0.363173, -0.778245, -1.2e-05, 0.0, 0.0, 0.0, 1.0],
                [0.122426, 0.924376, -0.361304, 0.124994, 0.849496, 0.090642, 0.51975, -0.002831, 0.513194, -0.370558, -0.774157, -1.2e-05, 0.0, 0.0, 0.0, 1.0],
                [0.138121, 0.922169, -0.361287, 0.124994, 0.845188, 0.080419, 0.528384, -0.002831, 0.516313, -0.378336, -0.768298, -1.2e-05, 0.0, 0.0, 0.0, 1.0],
                [0.156855, 0.920135, -0.358816, 0.124994, 0.838159, 0.068147, 0.541152, -0.002831, 0.522385, -0.385628, -0.76053, -1.2e-05, 0.0, 0.0, 0.0, 1.0],
                [0.178409, 0.918221, -0.353609, 0.124994, 0.828443, 0.053725, 0.557491, -0.002831, 0.530897, -0.392407, -0.751109, -1.2e-05, 0.0, 0.0, 0.0, 1.0],
                [0.202523, 0.916348, -0.345386, 0.124994, 0.816058, 0.037041, 0.576781, -0.002831, 0.541326, -0.398667, -0.740291, -1.2e-05, 0.0, 0.0, 0.0, 1.0],
                [0.228896, 0.914393, -0.333904, 0.124994, 0.801034, 0.017976, 0.598349, -0.002831, 0.553128, -0.404429, -0.728345, -1.2e-05, 0.0, 0.0, 0.0, 1.0],
                [0.257201, 0.912196, -0.318979, 0.124994, 0.783429, -0.003577, 0.621471, -0.002831, 0.565762, -0.409741, -0.71556, -1.2e-05, 0.0, 0.0, 0.0, 1.0],
                [0.287086, 0.909543, -0.300521, 0.124994, 0.763352, -0.0277, 0.645389, -0.002831, 0.578684, -0.414686, -0.702254, -1.2e-05, 0.0, 0.0, 0.0, 1.0],
                [0.318193, 0.906181, -0.278552, 0.124994, 0.740969, -0.054435, 0.66933, -0.002831, 0.591371, -0.419374, -0.688771, -1.2e-05, 0.0, 0.0, 0.0, 1.0],
                [0.350175, 0.90181, -0.253211, 0.124994, 0.716505, -0.08377, 0.692534, -0.002831, 0.603322, -0.423936, -0.675486, -1.2e-05, 0.0, 0.0, 0.0, 1.0],
                [0.382711, 0.896109, -0.224772, 0.124994, 0.690247, -0.115628, 0.714275, -0.002831, 0.614078, -0.428509, -0.662789, -1.2e-05, 0.0, 0.0, 0.0, 1.0],
                [0.415517, 0.888737, -0.193631, 0.124994, 0.662527, -0.149861, 0.733893, -0.002831, 0.62322, -0.433231, -0.651082, -1.2e-05, 0.0, 0.0, 0.0, 1.0],
                [0.448369, 0.879357, -0.1603, 0.124994, 0.633711, -0.186251, 0.750813, -0.002831, 0.630377, -0.438225, -0.640768, -1.2e-05, 0.0, 0.0, 0.0, 1.0],
                [0.481101, 0.867651, -0.125394, 0.124994, 0.604182, -0.224516, 0.764563, -0.002831, 0.635221, -0.443593, -0.632234, -1.2e-05, 0.0, 0.0, 0.0, 1.0],
                [0.513612, 0.853331, -0.089612, 0.124994, 0.574322, -0.264315, 0.774785, -0.002831, 0.637462, -0.449405, -0.625841, -1.2e-05, 0.0, 0.0, 0.0, 1.0],
                [0.545857, 0.836154, -0.053722, 0.124994, 0.544494, -0.305262, 0.781244, -0.002831, 0.636841, -0.455699, -0.62191, -1.2e-05, 0.0, 0.0, 0.0, 1.0],
                [0.577847, 0.815935, -0.01854, 0.124994, 0.515031, -0.346935, 0.783823, -0.002831, 0.633116, -0.462478, -0.620707, -1.2e-05, 0.0, 0.0, 0.0, 1.0],
                [0.60962, 0.792551, 0.01508, 0.124994, 0.486224, -0.388887, 0.78253, -0.002831, 0.626059, -0.469714, -0.62243, -1.2e-05, 0.0, 0.0, 0.0, 1.0],
                [0.641239, 0.765945, 0.046268, 0.124994, 0.458311, -0.430657, 0.777486, -0.002831, 0.615437, -0.477349, -0.627195, -1.2e-05, 0.0, 0.0, 0.0, 1.0],
                [0.672758, 0.736138, 0.074141, 0.124994, 0.431479, -0.471774, 0.768931, -0.002831, 0.601018, -0.485315, -0.635018, -1.2e-05, 0.0, 0.0, 0.0, 1.0],
                [0.70421, 0.70322, 0.097828, 0.124994, 0.405854, -0.511765, 0.757218, -0.002831, 0.582556, -0.493536, -0.645795, -1.2e-05, 0.0, 0.0, 0.0, 1.0],
                [0.735504, 0.667406, 0.116627, 0.124994, 0.381477, -0.550203, 0.7428, -0.002831, 0.559918, -0.501842, -0.659277, -1.2e-05, 0.0, 0.0, 0.0, 1.0],
                [0.766214, 0.6292, 0.130478, 0.124994, 0.35823, -0.586824, 0.726161, -0.002831, 0.533468, -0.509653, -0.675031, -1.2e-05, 0.0, 0.0, 0.0, 1.0],
                [0.795847, 0.589191, 0.139577, 0.124994, 0.335966, -0.621467, 0.707747, -0.002831, 0.503741, -0.516365, -0.69254, -1.2e-05, 0.0, 0.0, 0.0, 1.0],
                [0.823958, 0.547988, 0.144231, 0.124994, 0.314557, -0.654042, 0.687956, -0.002831, 0.471325, -0.521478, -0.711276, -1.2e-05, 0.0, 0.0, 0.0, 1.0],
                [0.850171, 0.506184, 0.14487, 0.124994, 0.293894, -0.684541, 0.667106, -0.002831, 0.436847, -0.524578, -0.730741, -1.2e-05, 0.0, 0.0, 0.0, 1.0],
                [0.874194, 0.464342, 0.14203, 0.124994, 0.273891, -0.713052, 0.645401, -0.002831, 0.400961, -0.525304, -0.750524, -1.2e-05, 0.0, 0.0, 0.0, 1.0],
                [0.895958, 0.422555, 0.13677, 0.124994, 0.25384, -0.739878, 0.623013, -0.002831, 0.36445, -0.523476, -0.770162, -1.2e-05, 0.0, 0.0, 0.0, 1.0],
                [0.915375, 0.380745, 0.130849, 0.124994, 0.233293, -0.766511, 0.598361, -0.002831, 0.32812, -0.517199, -0.79047, -1.2e-05, 0.0, 0.0, 0.0, 1.0],
                [0.932233, 0.339618, 0.12491, 0.124994, 0.212971, -0.794008, 0.569381, -0.002831, 0.292551, -0.504193, -0.812529, -1.2e-05, 0.0, 0.0, 0.0, 1.0],
                [0.946412, 0.300338, 0.118744, 0.124994, 0.194071, -0.822764, 0.534225, -0.002831, 0.258147, -0.482552, -0.836961, -1.2e-05, 0.0, 0.0, 0.0, 1.0],
                [0.957937, 0.264061, 0.112376, 0.124994, 0.177932, -0.85374, 0.489356, -0.002831, 0.22516, -0.448777, -0.864813, -1.2e-05, 0.0, 0.0, 0.0, 1.0],
                [0.967018, 0.231739, 0.105705, 0.124994, 0.165196, -0.8865, 0.432237, -0.002831, 0.193873, -0.400519, -0.895543, -1.2e-05, 0.0, 0.0, 0.0, 1.0],
                [0.973966, 0.204066, 0.09873, 0.124994, 0.155833, -0.91899, 0.36218, -0.002831, 0.16464, -0.337366, -0.926865, -1.2e-05, 0.0, 0.0, 0.0, 1.0],
                [0.979122, 0.181382, 0.09176, 0.124994, 0.14936, -0.948163, 0.280498, -0.002831, 0.137881, -0.260936, -0.955459, -1.1e-05, 0.0, 0.0, 0.0, 1.0],
                [0.98283, 0.163623, 0.085278, 0.124994, 0.145019, -0.970767, 0.191261, -0.002831, 0.114079, -0.17561, -0.977828, -1.2e-05, 0.0, 0.0, 0.0, 1.0],
                [0.985425, 0.150272, 0.079722, 0.124994, 0.141935, -0.984649, 0.101589, -0.002831, 0.093765, -0.088793, -0.991627, -1.2e-05, 0.0, 0.0, 0.0, 1.0],
                [0.987226, 0.140611, 0.074923, 0.124994, 0.13921, -0.989981, 0.023628, -0.002831, 0.077495, -0.012896, -0.996909, -1.2e-05, 0.0, 0.0, 0.0, 1.0],
                [0.988522, 0.134887, 0.068045, 0.124994, 0.135976, -0.990644, -0.011606, -0.002831, 0.065843, 0.020726, -0.997615, -1.2e-05, 0.0, 0.0, 0.0, 1.0],
                [0.989355, 0.132445, 0.06029, 0.124994, 0.133076, -0.991084, -0.006548, -0.002831, 0.058886, 0.014502, -0.998159, -1.2e-05, 0.0, 0.0, 0.0, 1.0],
                [0.98963, 0.131581, 0.057611, 0.124994, 0.132063, -0.991231, -0.004625, -0.002831, 0.056498, 0.012185, -0.998328, -1.2e-05, 0.0, 0.0, 0.0, 1.0]
            ]
        },
        {
            "name": "Leg_R",
            "time": [0.0, 0.0167, 0.0333, 0.05, 0.0667, 0.0833, 0.1, 0.1167, 0.1333, 0.15, 0.1667, 0.1833, 0.2, 0.2167, 0.2333, 0.25, 0.2667, 0.2833, 0.3, 0.3167, 0.3333, 0.35, 0.3667, 0.3833, 0.4, 0.4167, 0.4333, 0.45, 0.4667, 0.4833, 0.5, 0.5167, 0.5333, 0.55, 0.5667, 0.5833, 0.6, 0.6167, 0.6333, 0.65, 0.6667, 0.6833, 0.7, 0.7167, 0.7333, 0.75, 0.7667, 0.7833, 0.8, 0.8167, 0.8333, 0.85, 0.8667, 0.8833, 0.9, 0.9167, 0.9333, 0.95, 0.9667, 0.9833, 1.0, 1.0167, 1.0333, 1.05, 1.0667, 1.0833, 1.1, 1.1167, 1.1333, 1.15, 1.1667, 1.1833, 1.2, 1.2167, 1.2333, 1.25, 1.2667, 1.2833, 1.3, 1.3167, 1.3333, 1.35, 1.3667, 1.3833, 1.4, 1.4167, 1.4333, 1.45, 1.4667, 1.4833, 1.5, 1.5167, 1.5333, 1.55, 1.5667, 1.5833, 1.6, 1.6167, 1.6333, 1.65, 1.6667, 1.6833, 1.7, 1.7167, 1.7333],
            "transform": [
                [1.0, -1e-06, 1e-06, 0.0, -0.0, 0.705523, 0.708687, 0.374726, -1e-06, -0.708687, 0.705523, -0.0, 0.0, 0.0, 0.0, 1.0],
                [1.0, -0.0, 1e-06, -0.0, -0.0, 0.711706, 0.702477, 0.374726, -1e-06, -0.702477, 0.711706, -0.0, 0.0, 0.0, 0.0, 1.0],
                [1.0, -0.0, 1e-06, 0.0, -0.0, 0.728039, 0.685536, 0.374726, -1e-06, -0.685536, 0.728039, -0.0, 0.0, 0.0, 0.0, 1.0],
                [1.0, -1e-06, 1e-06, -0.0, -0.0, 0.751419, 0.659825, 0.374726, -1e-06, -0.659825, 0.751419, 0.0, 0.0, 0.0, 0.0, 1.0],
                [1.0, -0.0, 1e-06, 0.0, -0.0, 0.778803, 0.627269, 0.374726, -1e-06, -0.627269, 0.778803, 0.0, 0.0, 0.0, 0.0, 1.0],
                [1.0, -0.0, 1e-06, -0.0, -0.0, 0.807082, 0.590439, 0.374726, -1e-06, -0.590439, 0.807082, -0.0, 0.0, 0.0, 0.0, 1.0],
                [1.0, -1e-06, 1e-06, 0.0, -0.0, 0.833007, 0.553262, 0.374726, -1e-06, -0.553262, 0.833007, 0.0, 0.0, 0.0, 0.0, 1.0],
                [1.0, -0.0, 1e-06, 0.0, -0.0, 0.853212, 0.521565, 0.374726, -1e-06, -0.521565, 0.853212, -0.0, 0.0, 0.0, 0.0, 1.0],
                [1.0, -0.0, 1e-06, -0.0, -0.0, 0.864358, 0.502878, 0.374726, -1e-06, -0.502878, 0.864358, 0.0, 0.0, 0.0, 0.0, 1.0],
                [1.0, -0.0, 1e-06, -0.0, -0.0, 0.862755, 0.505622, 0.374726, -1e-06, -0.505622, 0.862755, -0.0, 0.0, 0.0, 0.0, 1.0],
                [1.0, -1e-06, 1e-06, -0.0, -0.0, 0.850696, 0.525658, 0.374726, -1e-06, -0.525658, 0.850696, 0.0, 0.0, 0.0, 0.0, 1.0],
                [1.0, -0.0, 1e-06, 0.0, -0.0, 0.835927, 0.54884, 0.374726, -1e-06, -0.548841, 0.835927, -0.0, 0.0, 0.0, 0.0, 1.0],
                [1.0, -0.0, 1e-06, 0.0, -0.0, 0.829421, 0.558623, 0.374726, -1e-06, -0.558623, 0.829421, -0.0, 0.0, 0.0, 0.0, 1.0],
                [1.0, -0.0, 1e-06, 0.0, -0.0, 0.848741, 0.528808, 0.374726, -1e-06, -0.528808, 0.848741, -0.0, 0.0, 0.0, 0.0, 1.0],
                [1.0, -0.0, 1e-06, 0.0, -0.0, 0.924389, 0.381452, 0.374726, -1e-06, -0.381452, 0.924388, 0.0, 0.0, 0.0, 0.0, 1.0],
                [1.0, -0.0, 1e-06, -0.0, -0.0, 0.830594, 0.556879, 0.374726, -1e-06, -0.556879, 0.830594, -0.0, 0.0, 0.0, 0.0, 1.0],
                [1.0, -1e-06, 0.0, -0.0, -0.0, 0.170989, 0.985273, 0.374726, -1e-06, -0.985273, 0.170989, -0.0, 0.0, 0.0, 0.0, 1.0],
                [1.0, -1e-06, -0.0, 0.0, -0.0, -0.443873, 0.89609, 0.374726, -1e-06, -0.89609, -0.443873, 0.0, 0.0, 0.0, 0.0, 1.0],
                [1.0, -1e-06, -0.0, 0.0, -0.0, -0.201808, 0.979425, 0.374726, -1e-06, -0.979425, -0.201808, -0.0, 0.0, 0.0, 0.0, 1.0],
                [1.0, -1e-06, 0.0, -0.0, -0.0, -0.000333, 1.0, 0.374726, -1e-06, -1.0, -0.000333, -0.0, 0.0, 0.0, 0.0, 1.0],
                [1.0, -1e-06, 0.0, 0.0, -0.0, 0.109451, 0.993992, 0.374726, -1e-06, -0.993992, 0.109451, 0.0, 0.0, 0.0, 0.0, 1.0],
                [1.0, -1e-06, 0.0, -0.0, -0.0, 0.137697, 0.990474, 0.374726, -1e-06, -0.990474, 0.137697, -0.0, 0.0, 0.0, 0.0, 1.0],
                [1.0, -1e-06, 0.0, -0.0, -0.0, 0.133963, 0.990986, 0.374726, -1e-06, -0.990986, 0.133963, -0.0, 0.0, 0.0, 0.0, 1.0],
                [1.0, -1e-06, 0.0, 0.0, -0.0, 0.133973, 0.990985, 0.374726, -1e-06, -0.990985, 0.133973, 0.0, 0.0, 0.0, 0.0, 1.0],
                [1.0, -1e-06, 0.0, -0.0, -0.0, 0.136353, 0.99066, 0.374726, -1e-06, -0.99066, 0.136353, 0.0, 0.0, 0.0, 0.0, 1.0],
                [1.0, -1e-06, 0.0, -0.0, -0.0, 0.141188, 0.989983, 0.374726, -1e-06, -0.989983, 0.141188, -0.0, 0.0, 0.0, 0.0, 1.0],
                [1.0, -1e-06, 0.0, -0.0, -0.0, 0.148481, 0.988915, 0.374726, -1e-06, -0.988915, 0.148481, 0.0, 0.0, 0.0, 0.0, 1.0],
                [1.0, -1e-06, 0.0, -0.0, -0.0, 0.158026, 0.987435, 0.374726, -1e-06, -0.987435, 0.158026, -0.0, 0.0, 0.0, 0.0, 1.0],
