{
    "animation": [
        {
            "name": "Root",
            "time": [0.0, 0.0167, 0.0333, 0.05, 0.0667, 0.0833, 0.1, 0.1167, 0.1333, 0.15, 0.1667, 0.1833, 0.2, 0.2167, 0.2333, 0.25, 0.2667, 0.2833, 0.3, 0.3167, 0.3333, 0.35, 0.3667, 0.3833, 0.4, 0.4167, 0.4333, 0.45, 0.4667, 0.4833, 0.5, 0.5167, 0.5333, 0.55, 0.5667, 0.5833, 0.6, 0.6167, 0.6333, 0.65, 0.6667, 0.6833, 0.7, 0.7167, 0.7333, 0.75, 0.7667, 0.7833, 0.8, 0.8167, 0.8333, 0.85, 0.8667, 0.8833, 0.9, 0.9167, 0.9333, 0.95, 0.9667, 0.9833, 1.0, 1.0167, 1.0333, 1.05, 1.0667, 1.0833, 1.1, 1.1167, 1.1333, 1.15, 1.1667, 1.1833, 1.2, 1.2167, 1.2333, 1.25, 1.2667, 1.2833, 1.3, 1.3167, 1.3333, 1.35, 1.3667, 1.3833, 1.4, 1.4167, 1.4333, 1.45, 1.4667, 1.4833, 1.5, 1.5167, 1.5333, 1.55, 1.5667, 1.5833, 1.6, 1.6167, 1.6333, 1.65, 1.6667, 1.6833, 1.7, 1.7167, 1.7333, 1.75, 1.7667, 1.7833, 1.8],
            "transform": [
                [-0.102731, 0.040086, 0.993901, 0.00193, 0.84226, 0.535081, 0.065476, 0.001355, -0.529193, 0.843849, -0.088732, 0.458904, 0.0, 0.0, 0.0, 1.0],
                [-0.212169, 0.006566, 0.977211, 0.00193, 0.825518, 0.536353, 0.17563, 0.002037, -0.522977, 0.843968, -0.119217, 0.442868, 0.0, 0.0, 0.0, 1.0],
                [-0.297406, -0.020872, 0.954523, 0.00193, 0.804102, 0.533544, 0.262205, 0.003212, -0.514752, 0.845515, -0.141896, 0.430027, 0.0, 0.0, 0.0, 1.0],
                [-0.361421, -0.043124, 0.931406, 0.00193, 0.78329, 0.527846, 0.328385, 0.005017, -0.5058, 0.848245, -0.156996, 0.420027, 0.0, 0.0, 0.0, 1.0],
                [-0.407634, -0.061369, 0.911081, 0.00193, 0.766183, 0.519824, 0.377819, 0.007583, -0.496788, 0.852066, -0.164877, 0.412512, 0.0, 0.0, 0.0, 1.0],
                [-0.439309, -0.076882, 0.89504, 0.00193, 0.754295, 0.509554, 0.413998, 0.011045, -0.4879, 0.856997, -0.16586, 0.407128, 0.0, 0.0, 0.0, 1.0],
                [-0.459341, -0.090952, 0.883592, 0.00193, 0.748068, 0.496765, 0.440023, 0.015537, -0.478958, 0.863106, -0.160146, 0.403518, 0.0, 0.0, 0.0, 1.0],
                [-0.470267, -0.104859, 0.876273, 0.00193, 0.747263, 0.480938, 0.458582, 0.021193, -0.469519, 0.870462, -0.147812, 0.401329, 0.0, 0.0, 0.0, 1.0],
                [-0.474366, -0.119868, 0.872129, 0.00193, 0.751219, 0.461381, 0.472014, 0.028147, -0.458963, 0.879067, -0.128816, 0.400204, 0.0, 0.0, 0.0, 1.0],
                [-0.47379, -0.137214, 0.869882, 0.00193, 0.759016, 0.437268, 0.48238, 0.036532, -0.446561, 0.888802, -0.103026, 0.39979, 0.0, 0.0, 0.0, 1.0],
                [-0.470685, -0.158069, 0.868026, 0.00193, 0.769557, 0.407656, 0.491526, 0.046484, -0.431551, 0.89935, -0.070234, 0.399731, 0.0, 0.0, 0.0, 1.0],
                [-0.432491, -0.187658, 0.881894, 0.00193, 0.79769, 0.376294, 0.471268, 0.058089, -0.420288, 0.907297, -0.013051, 0.399731, 0.0, 0.0, 0.0, 1.0],
                [-0.338395, -0.229009, 0.912712, 0.00193, 0.846617, 0.3493, 0.401533, 0.071247, -0.410765, 0.908595, 0.075682, 0.399731, 0.0, 0.0, 0.0, 1.0],
                [-0.209664, -0.278188, 0.937364, 0.00193, 0.896246, 0.328562, 0.297977, 0.085812, -0.390876, 0.902584, 0.180437, 0.399731, 0.0, 0.0, 0.0, 1.0],
                [-0.07078, -0.330418, 0.941177, 0.00193, 0.932298, 0.313601, 0.180208, 0.101637, -0.354697, 0.890213, 0.285852, 0.399731, 0.0, 0.0, 0.0, 1.0],
                [0.054048, -0.382302, 0.922456, 0.00193, 0.951229, 0.300697, 0.068887, 0.118577, -0.303715, 0.873743, 0.379908, 0.399731, 0.0, 0.0, 0.0, 1.0],
                [0.144636, -0.433212, 0.889611, 0.00193, 0.958962, 0.282955, -0.018121, 0.136484, -0.24387, 0.855724, 0.456359, 0.399731, 0.0, 0.0, 0.0, 1.0],
                [0.20321, -0.478579, 0.854206, -0.009169, 0.963335, 0.253813, -0.086969, 0.15719, -0.175187, 0.84056, 0.51261, 0.407345, 0.0, 0.0, 0.0, 1.0],
                [0.262866, -0.512331, 0.817568, -0.033664, 0.9603, 0.220968, -0.170287, 0.190436, -0.093413, 0.829873, 0.550077, 0.424811, 0.0, 0.0, 0.0, 1.0],
                [0.35554, -0.532075, 0.768432, -0.058356, 0.934656, 0.199533, -0.294289, 0.247732, 0.003256, 0.822851, 0.568248, 0.444069, 0.0, 0.0, 0.0, 1.0],
                [0.514709, -0.52967, 0.674184, -0.070042, 0.849502, 0.208811, -0.484505, 0.339745, 0.115851, 0.822099, 0.557433, 0.457057, 0.0, 0.0, 0.0, 1.0],
                [0.744387, -0.476183, 0.468122, -0.070303, 0.628458, 0.262672, -0.73215, 0.471637, 0.225675, 0.839198, 0.49479, 0.460997, 0.0, 0.0, 0.0, 1.0],
                [0.932484, -0.35126, 0.084201, -0.070564, 0.203232, 0.317488, -0.926228, 0.627377, 0.298614, 0.880805, 0.36744, 0.474247, 0.0, 0.0, 0.0, 1.0],
                [0.893865, -0.19692, -0.402776, -0.086625, -0.335043, 0.303562, -0.891962, 0.785636, 0.297913, 0.932241, 0.205366, 0.522342, 0.0, 0.0, 0.0, 1.0],
                [0.640423, -0.089945, -0.762737, -0.126942, -0.732792, 0.225774, -0.641905, 0.925085, 0.229942, 0.970018, 0.07868, 0.580085, 0.0, 0.0, 0.0, 1.0],
                [0.364443, -0.049208, -0.929925, -0.177063, -0.91847, 0.145726, -0.367665, 1.024396, 0.153606, 0.9881, 0.007913, 0.60786, 0.0, 0.0, 0.0, 1.0],
                [0.171896, -0.050154, -0.983838, -0.202537, -0.97964, 0.096442, -0.176079, 1.06224, 0.103715, 0.994074, -0.032555, 0.617436, 0.0, 0.0, 0.0, 1.0],
                [0.051802, -0.066439, -0.996445, -0.201875, -0.995314, 0.078145, -0.056954, 1.060941, 0.081652, 0.994726, -0.062079, 0.628607, 0.0, 0.0, 0.0, 1.0],
                [-0.011367, -0.075477, -0.997083, -0.200418, -0.997092, 0.075998, 0.005614, 1.057943, 0.075353, 0.994247, -0.076121, 0.641899, 0.0, 0.0, 0.0, 1.0],
                [-0.022488, -0.072458, -0.997118, -0.198962, -0.996657, 0.079983, 0.016666, 1.05459, 0.078545, 0.994159, -0.074014, 0.653022, 0.0, 0.0, 0.0, 1.0],
                [-0.019148, -0.065253, -0.997685, -0.1983, -0.996174, 0.086355, 0.013471, 1.05223, 0.085276, 0.994125, -0.066656, 0.657682, 0.0, 0.0, 0.0, 1.0],
                [-0.013629, -0.055898, -0.998344, -0.198597, -0.995708, 0.092163, 0.008433, 1.050951, 0.091539, 0.994174, -0.056914, 0.656882, 0.0, 0.0, 0.0, 1.0],
                [-0.008131, -0.044882, -0.998959, -0.199402, -0.995315, 0.096616, 0.00376, 1.049928, 0.096347, 0.994309, -0.045457, 0.654709, 0.0, 0.0, 0.0, 1.0],
                [-0.00269, -0.03264, -0.999464, -0.200588, -0.995005, 0.099821, -0.000582, 1.049132, 0.099787, 0.99447, -0.032746, 0.651506, 0.0, 0.0, 0.0, 1.0],
                [0.002653, -0.019617, -0.999804, -0.202028, -0.994785, 0.101889, -0.004639, 1.048534, 0.10196, 0.994602, -0.019244, 0.647617, 0.0, 0.0, 0.0, 1.0],
                [0.007858, -0.006257, -0.999949, -0.203596, -0.994652, 0.102932, -0.00846, 1.048106, 0.10298, 0.994669, -0.005415, 0.643385, 0.0, 0.0, 0.0, 1.0],
                [0.012884, 0.006993, -0.999893, -0.205163, -0.994601, 0.103062, -0.012095, 1.047819, 0.102966, 0.99465, 0.008283, 0.639152, 0.0, 0.0, 0.0, 1.0],
                [0.0177, 0.019692, -0.99965, -0.206603, -0.994622, 0.102392, -0.015593, 1.047644, 0.102049, 0.994549, 0.021399, 0.635263, 0.0, 0.0, 0.0, 1.0],
                [0.022279, 0.031406, -0.999259, -0.20779, -0.994702, 0.101033, -0.019002, 1.047554, 0.100361, 0.994387, 0.03349, 0.632061, 0.0, 0.0, 0.0, 1.0],
                [0.026604, 0.041705, -0.998776, -0.208595, -0.994827, 0.099095, -0.022361, 1.047518, 0.098041, 0.994204, 0.044126, 0.629887, 0.0, 0.0, 0.0, 1.0],
                [0.030668, 0.05017, -0.99827, -0.208891, -0.994983, 0.096686, -0.025708, 1.04751, 0.095229, 0.99405, 0.052884, 0.629087, 0.0, 0.0, 0.0, 1.0],
                [0.034532, 0.05709, -0.997772, -0.208874, -0.99512, 0.094301, -0.029044, 1.047505, 0.092433, 0.993905, 0.060068, 0.629087, 0.0, 0.0, 0.0, 1.0],
                [0.038337, 0.063078, -0.997272, -0.208826, -0.9952, 0.092339, -0.032417, 1.047498, 0.090043, 0.993728, 0.066315, 0.629093, 0.0, 0.0, 0.0, 1.0],
                [0.042205, 0.068204, -0.996778, -0.208746, -0.995224, 0.09076, -0.035929, 1.047489, 0.088017, 0.993535, 0.071709, 0.629109, 0.0, 0.0, 0.0, 1.0],
                [0.046254, 0.07254, -0.996293, -0.208638, -0.995194, 0.089524, -0.039684, 1.04748, 0.086313, 0.99334, 0.076332, 0.629139, 0.0, 0.0, 0.0, 1.0],
                [0.050601, 0.076155, -0.995811, -0.208503, -0.995105, 0.088592, -0.04379, 1.047469, 0.084886, 0.993152, 0.080265, 0.629188, 0.0, 0.0, 0.0, 1.0],
                [0.055361, 0.07912, -0.995327, -0.208342, -0.994953, 0.087928, -0.04835, 1.047458, 0.083691, 0.99298, 0.083588, 0.629262, 0.0, 0.0, 0.0, 1.0],
                [0.060649, 0.081504, -0.994826, -0.208157, -0.994729, 0.087494, -0.053475, 1.047447, 0.082682, 0.992825, 0.086381, 0.629365, 0.0, 0.0, 0.0, 1.0],
                [0.066578, 0.083376, -0.994292, -0.207951, -0.994421, 0.087254, -0.05927, 1.047435, 0.081814, 0.992691, 0.08872, 0.629502, 0.0, 0.0, 0.0, 1.0],
                [0.073261, 0.084804, -0.993701, -0.207723, -0.994015, 0.087172, -0.065845, 1.047423, 0.081039, 0.992577, 0.090682, 0.629678, 0.0, 0.0, 0.0, 1.0],
                [0.080812, 0.085856, -0.993025, -0.207477, -0.993488, 0.087213, -0.073309, 1.047412, 0.080311, 0.992483, 0.092345, 0.629898, 0.0, 0.0, 0.0, 1.0],
                [0.089341, 0.086601, -0.992229, -0.207214, -0.992817, 0.087342, -0.081771, 1.047401, 0.079582, 0.992407, 0.093782, 0.630167, 0.0, 0.0, 0.0, 1.0],
                [0.098962, 0.087106, -0.991271, -0.206935, -0.991966, 0.087525, -0.091341, 1.047391, 0.078804, 0.992347, 0.095068, 0.630489, 0.0, 0.0, 0.0, 1.0],
                [0.109787, 0.087439, -0.990102, -0.206643, -0.990896, 0.087726, -0.102128, 1.047382, 0.077927, 0.9923, 0.096274, 0.63087, 0.0, 0.0, 0.0, 1.0],
                [0.121927, 0.087669, -0.98866, -0.206338, -0.989555, 0.087913, -0.114242, 1.047373, 0.076901, 0.992263, 0.097472, 0.631314, 0.0, 0.0, 0.0, 1.0],
                [0.135491, 0.087863, -0.986875, -0.206023, -0.987885, 0.088054, -0.12779, 1.047367, 0.07567, 0.992233, 0.098729, 0.631826, 0.0, 0.0, 0.0, 1.0],
                [0.150588, 0.088093, -0.984664, -0.205699, -0.98581, 0.088119, -0.14288, 1.047361, 0.07418, 0.992207, 0.100113, 0.632411, 0.0, 0.0, 0.0, 1.0],
                [0.167323, 0.08843, -0.981928, -0.205368, -0.983242, 0.088078, -0.159615, 1.047358, 0.072372, 0.992181, 0.101686, 0.633075, 0.0, 0.0, 0.0, 1.0],
                [0.185798, 0.088947, -0.978554, -0.205032, -0.980078, 0.087908, -0.178097, 1.047357, 0.070182, 0.992149, 0.103509, 0.633821, 0.0, 0.0, 0.0, 1.0],
                [0.206075, 0.089406, -0.974443, -0.20469, -0.976221, 0.087252, -0.198445, 1.04929, 0.06728, 0.992166, 0.10526, 0.635121, 0.0, 0.0, 0.0, 1.0],
                [0.228186, 0.089503, -0.969495, -0.204333, -0.971546, 0.085852, -0.220743, 1.054757, 0.063475, 0.99228, 0.106547, 0.637372, 0.0, 0.0, 0.0, 1.0],
                [0.252174, 0.089217, -0.96356, -0.20395, -0.965887, 0.083827, -0.245022, 1.063257, 0.058912, 0.992478, 0.107313, 0.640468, 0.0, 0.0, 0.0, 1.0],
                [0.278074, 0.088522, -0.956472, -0.20353, -0.959055, 0.081294, -0.271301, 1.074291, 0.05374, 0.992751, 0.107503, 0.644302, 0.0, 0.0, 0.0, 1.0],
                [0.30591, 0.08739, -0.948041, -0.203062, -0.950844, 0.078365, -0.29959, 1.087358, 0.048113, 0.993087, 0.107067, 0.648769, 0.0, 0.0, 0.0, 1.0],
                [0.33569, 0.085788, -0.938058, -0.202536, -0.941027, 0.075146, -0.329881, 1.101959, 0.042192, 0.993475, 0.105955, 0.653761, 0.0, 0.0, 0.0, 1.0],
                [0.367408, 0.083679, -0.926288, -0.201939, -0.929357, 0.071738, -0.362145, 1.117595, 0.036146, 0.993907, 0.104125, 0.659173, 0.0, 0.0, 0.0, 1.0],
                [0.401031, 0.081019, -0.912475, -0.201262, -0.915568, 0.068233, -0.396333, 1.133765, 0.030151, 0.994374, 0.101542, 0.664899, 0.0, 0.0, 0.0, 1.0],
                [0.436499, 0.077758, -0.896338, -0.200493, -0.899374, 0.064719, -0.432363, 1.14997, 0.024391, 0.994869, 0.098183, 0.670832, 0.0, 0.0, 0.0, 1.0],
                [0.473714, 0.073837, -0.877578, -0.19962, -0.880472, 0.061273, -0.470121, 1.16571, 0.019059, 0.995386, 0.094038, 0.676865, 0.0, 0.0, 0.0, 1.0],
                [0.512451, 0.069331, -0.855913, -0.198636, -0.858599, 0.057878, -0.509371, 1.18057, 0.014223, 0.995913, 0.089188, 0.682904, 0.0, 0.0, 0.0, 1.0],
                [0.552119, 0.064448, -0.831271, -0.197537, -0.833707, 0.054442, -0.549517, 1.194481, 0.009841, 0.996435, 0.083789, 0.688899, 0.0, 0.0, 0.0, 1.0],
                [0.592046, 0.059325, -0.803718, -0.196323, -0.805882, 0.050924, -0.589882, 1.207455, 0.005934, 0.996939, 0.077958, 0.694812, 0.0, 0.0, 0.0, 1.0],
                [0.631584, 0.054101, -0.773418, -0.194993, -0.775304, 0.047304, -0.629815, 1.219509, 0.002512, 0.997414, 0.071821, 0.700603, 0.0, 0.0, 0.0, 1.0],
                [0.670125, 0.048913, -0.740635, -0.193548, -0.742248, 0.043577, -0.668707, 1.230656, -0.000434, 0.997852, 0.065507, 0.706234, 0.0, 0.0, 0.0, 1.0],
                [0.70712, 0.043893, -0.70573, -0.191986, -0.707087, 0.039758, -0.706008, 1.240911, -0.00293, 0.998245, 0.059149, 0.711667, 0.0, 0.0, 0.0, 1.0],
                [0.742098, 0.039166, -0.669146, -0.190307, -0.670273, 0.03588, -0.741247, 1.250289, -0.005023, 0.998588, 0.052878, 0.716863, 0.0, 0.0, 0.0, 1.0],
                [0.774674, 0.03485, -0.6314, -0.18851, -0.632325, 0.031991, -0.774043, 1.258804, -0.006776, 0.99888, 0.046819, 0.721784, 0.0, 0.0, 0.0, 1.0],
                [0.804559, 0.031052, -0.593061, -0.186595, -0.593816, 0.028155, -0.804108, 1.266472, -0.008272, 0.999121, 0.041092, 0.72639, 0.0, 0.0, 0.0, 1.0],
                [0.831561, 0.027871, -0.554734, -0.184561, -0.55535, 0.024446, -0.831257, 1.273306, -0.009607, 0.999313, 0.035807, 0.730644, 0.0, 0.0, 0.0, 1.0],
                [0.855585, 0.025393, -0.517039, -0.182409, -0.517547, 0.020947, -0.855398, 1.279322, -0.010891, 0.999458, 0.031064, 0.734506, 0.0, 0.0, 0.0, 1.0],
                [0.87662, 0.023697, -0.4806, -0.180136, -0.481028, 0.017745, -0.876526, 1.284534, -0.012243, 0.999562, 0.026954, 0.737939, 0.0, 0.0, 0.0, 1.0],
                [0.894773, 0.022788, -0.445939, -0.177752, -0.44631, 0.014925, -0.894754, 1.288964, -0.013734, 0.999629, 0.023525, 0.740917, 0.0, 0.0, 0.0, 1.0],
                [0.910361, 0.022534, -0.413202, -0.175301, -0.413531, 0.012513, -0.910404, 1.29267, -0.015345, 0.999668, 0.02071, 0.743464, 0.0, 0.0, 0.0, 1.0],
                [0.923712, 0.022808, -0.382409, -0.172834, -0.382708, 0.0105, -0.92381, 1.295717, -0.017055, 0.999685, 0.018428, 0.74562, 0.0, 0.0, 0.0, 1.0],
                [0.935119, 0.02349, -0.353555, -0.170404, -0.353834, 0.008866, -0.935266, 1.298169, -0.018835, 0.999685, 0.016603, 0.747424, 0.0, 0.0, 0.0, 1.0],
                [0.94484, 0.024465, -0.326618, -0.168064, -0.326882, 0.007585, -0.945035, 1.300091, -0.020643, 0.999672, 0.015163, 0.748914, 0.0, 0.0, 0.0, 1.0],
                [0.953103, 0.025624, -0.301559, -0.165865, -0.301814, 0.006619, -0.953344, 1.301548, -0.022432, 0.99965, 0.014043, 0.750128, 0.0, 0.0, 0.0, 1.0],
                [0.960109, 0.026863, -0.278331, -0.163861, -0.27858, 0.00593, -0.960395, 1.302605, -0.024148, 0.999622, 0.013177, 0.751105, 0.0, 0.0, 0.0, 1.0],
                [0.966036, 0.02808, -0.256879, -0.162104, -0.257125, 0.00547, -0.966363, 1.303327, -0.02573, 0.999591, 0.012505, 0.751884, 0.0, 0.0, 0.0, 1.0],
                [0.971037, 0.029178, -0.237142, -0.160646, -0.237387, 0.005192, -0.971401, 1.303779, -0.027113, 0.999561, 0.011968, 0.752504, 0.0, 0.0, 0.0, 1.0],
                [0.975248, 0.030063, -0.21906, -0.15954, -0.219305, 0.005041, -0.975643, 1.304023, -0.028226, 0.999535, 0.011509, 0.753002, 0.0, 0.0, 0.0, 1.0],
                [0.978789, 0.03064, -0.202569, -0.158838, -0.202811, 0.004964, -0.979205, 1.304123, -0.028997, 0.999518, 0.011073, 0.753417, 0.0, 0.0, 0.0, 1.0],
                [0.981762, 0.030819, -0.187602, -0.158592, -0.187837, 0.004903, -0.982188, 1.304143, -0.02935, 0.999513, 0.010603, 0.753789, 0.0, 0.0, 0.0, 1.0],
                [0.984256, 0.03053, -0.174093, -0.15872, -0.174317, 0.004812, -0.984678, 1.303995, -0.029224, 0.999522, 0.010059, 0.754148, 0.0, 0.0, 0.0, 1.0],
                [0.986343, 0.029802, -0.161983, -0.159082, -0.162191, 0.004679, -0.986748, 1.303576, -0.028649, 0.999545, 0.009449, 0.7545, 0.0, 0.0, 0.0, 1.0],
                [0.988085, 0.028701, -0.151212, -0.159645, -0.1514, 0.004504, -0.988462, 1.302925, -0.027689, 0.999578, 0.008795, 0.754842, 0.0, 0.0, 0.0, 1.0],
                [0.989532, 0.027289, -0.141712, -0.160375, -0.141879, 0.004289, -0.989875, 1.302081, -0.026405, 0.999618, 0.008116, 0.755173, 0.0, 0.0, 0.0, 1.0],
                [0.990729, 0.02563, -0.133413, -0.161239, -0.133558, 0.00404, -0.991033, 1.301082, -0.024861, 0.999663, 0.007425, 0.755489, 0.0, 0.0, 0.0, 1.0],
                [0.991714, 0.023787, -0.126242, -0.162203, -0.126366, 0.003763, -0.991977, 1.299967, -0.023121, 0.99971, 0.006738, 0.755789, 0.0, 0.0, 0.0, 1.0],
                [0.992519, 0.021824, -0.120126, -0.163234, -0.120229, 0.003468, -0.99274, 1.298775, -0.021249, 0.999756, 0.006066, 0.756071, 0.0, 0.0, 0.0, 1.0],
                [0.99317, 0.019804, -0.114986, -0.164298, -0.115071, 0.003163, -0.993352, 1.297545, -0.019309, 0.999799, 0.00542, 0.756332, 0.0, 0.0, 0.0, 1.0],
                [0.993689, 0.017788, -0.110747, -0.165363, -0.110814, 0.002859, -0.993837, 1.296314, -0.017362, 0.999838, 0.004812, 0.75657, 0.0, 0.0, 0.0, 1.0],
                [0.994097, 0.01584, -0.107329, -0.166394, -0.107382, 0.002564, -0.994215, 1.295122, -0.015473, 0.999871, 0.00425, 0.756784, 0.0, 0.0, 0.0, 1.0],
                [0.99441, 0.014021, -0.104653, -0.167358, -0.104695, 0.00229, -0.994502, 1.294007, -0.013705, 0.999899, 0.003745, 0.756971, 0.0, 0.0, 0.0, 1.0],
                [0.994641, 0.012394, -0.102641, -0.168221, -0.102674, 0.002046, -0.994713, 1.293008, -0.012119, 0.999921, 0.003307, 0.757129, 0.0, 0.0, 0.0, 1.0],
                [0.994804, 0.011021, -0.101214, -0.168951, -0.101241, 0.001841, -0.99486, 1.292164, -0.010778, 0.999938, 0.002947, 0.757255, 0.0, 0.0, 0.0, 1.0],
                [0.994908, 0.009963, -0.100293, -0.169514, -0.100315, 0.001685, -0.994954, 1.291513, -0.009744, 0.999949, 0.002675, 0.757348, 0.0, 0.0, 0.0, 1.0],
                [0.994964, 0.009282, -0.099798, -0.169876, -0.099817, 0.001585, -0.995004, 1.291095, -0.009078, 0.999956, 0.002504, 0.757405, 0.0, 0.0, 0.0, 1.0],
                [0.994981, 0.009042, -0.099651, -0.170005, -0.099669, 0.00155, -0.995019, 1.290946, -0.008842, 0.999958, 0.002444, 0.757425, 0.0, 0.0, 0.0, 1.0]
            ]
        },
        {
            "name": "Thigh_R",
            "time": [0.0, 0.0167, 0.0333, 0.05, 0.0667, 0.0833, 0.1, 0.1167, 0.1333, 0.15, 0.1667, 0.1833, 0.2, 0.2167, 0.2333, 0.25, 0.2667, 0.2833, 0.3, 0.3167, 0.3333, 0.35, 0.3667, 0.3833, 0.4, 0.4167, 0.4333, 0.45, 0.4667, 0.4833, 0.5, 0.5167, 0.5333, 0.55, 0.5667, 0.5833, 0.6, 0.6167, 0.6333, 0.65, 0.6667, 0.6833, 0.7, 0.7167, 0.7333, 0.75, 0.7667, 0.7833, 0.8, 0.8167, 0.8333, 0.85, 0.8667, 0.8833, 0.9, 0.9167, 0.9333, 0.95, 0.9667, 0.9833, 1.0, 1.0167, 1.0333, 1.05, 1.0667, 1.0833, 1.1, 1.1167, 1.1333, 1.15, 1.1667, 1.1833, 1.2, 1.2167, 1.2333, 1.25, 1.2667, 1.2833, 1.3, 1.3167, 1.3333, 1.35, 1.3667, 1.3833, 1.4, 1.4167, 1.4333, 1.45, 1.4667, 1.4833, 1.5, 1.5167, 1.5333, 1.55, 1.5667, 1.5833, 1.6, 1.6167, 1.6333, 1.65, 1.6667, 1.6833, 1.7, 1.7167, 1.7333, 1.75, 1.7667, 1.7833, 1.8],
            "transform": [
                [0.001836, 0.885365, -0.464892, 0.124994, 0.535288, 0.391811, 0.748299, -0.002831, 0.844667, -0.250225, -0.473206, -1.2e-05, 0.0, 0.0, 0.0, 1.0],
                [-0.133835, 0.89201, -0.431749, 0.124994, 0.510465, 0.435477, 0.741475, -0.002831, 0.849419, -0.121157, -0.513622, -1.2e-05, 0.0, 0.0, 0.0, 1.0],
                [-0.241178, 0.884954, -0.39836, 0.124994, 0.487928, 0.465396, 0.738467, -0.002831, 0.838904, -0.016269, -0.544036, -1.2e-05, 0.0, 0.0, 0.0, 1.0],
                [-0.321607, 0.872463, -0.367936, 0.124994, 0.468138, 0.484275, 0.739137, -0.002831, 0.823052, 0.065467, -0.56418, -1.2e-05, 0.0, 0.0, 0.0, 1.0],
                [-0.378557, 0.860051, -0.342062, 0.124994, 0.450776, 0.494089, 0.743423, -0.002831, 0.808391, 0.127235, -0.574731, -1.2e-05, 0.0, 0.0, 0.0, 1.0],
                [-0.415861, 0.850891, -0.321006, 0.124994, 0.435071, 0.496105, 0.751395, -0.002831, 0.798607, 0.172815, -0.576508, -1.2e-05, 0.0, 0.0, 0.0, 1.0],
                [-0.437015, 0.846497, -0.304076, 0.124994, 0.420006, 0.490998, 0.763227, -0.002831, 0.79537, 0.205827, -0.570107, -1.2e-05, 0.0, 0.0, 0.0, 1.0],
                [-0.444986, 0.847314, -0.28991, 0.124994, 0.404419, 0.478969, 0.779125, -0.002831, 0.79902, 0.229454, -0.555803, -1.2e-05, 0.0, 0.0, 0.0, 1.0],
                [-0.442289, 0.853133, -0.276669, 0.124994, 0.387039, 0.459837, 0.799219, -0.002831, 0.809062, 0.246404, -0.533576, -1.2e-05, 0.0, 0.0, 0.0, 1.0],
                [-0.431165, 0.863343, -0.262174, 0.124994, 0.366517, 0.433106, 0.823459, -0.002831, 0.824477, 0.258955, -0.50317, -1.2e-05, 0.0, 0.0, 0.0, 1.0],
                [-0.413788, 0.877056, -0.244035, 0.124994, 0.341457, 0.398012, 0.851466, -0.002831, 0.843911, 0.268999, -0.464169, -1.2e-05, 0.0, 0.0, 0.0, 1.0],
                [-0.363745, 0.896164, -0.254126, 0.124994, 0.291333, 0.368577, 0.882766, -0.002831, 0.884767, 0.247066, -0.395151, -1.2e-05, 0.0, 0.0, 0.0, 1.0],
                [-0.259381, 0.918337, -0.298965, 0.124994, 0.204202, 0.35471, 0.912405, -0.002831, 0.94394, 0.175611, -0.279531, -1.2e-05, 0.0, 0.0, 0.0, 1.0],
                [-0.113923, 0.934203, -0.338064, 0.124994, 0.09449, 0.348926, 0.932374, -0.002831, 0.988986, 0.074275, -0.128023, -1.2e-05, 0.0, 0.0, 0.0, 1.0],
                [0.048414, 0.937941, -0.343399, 0.124994, -0.020216, 0.344652, 0.938513, -0.002831, 0.998622, -0.038495, 0.035647, -1.2e-05, 0.0, 0.0, 0.0, 1.0],
                [0.198519, 0.930035, -0.309233, 0.124994, -0.124121, 0.336829, 0.933349, -0.002831, 0.972206, -0.146905, 0.182304, -1.2e-05, 0.0, 0.0, 0.0, 1.0],
                [0.313673, 0.916713, -0.24748, 0.124994, -0.20803, 0.320649, 0.924071, -0.002831, 0.926462, -0.238374, 0.291282, -1.2e-05, 0.0, 0.0, 0.0, 1.0],
                [0.367357, 0.919138, -0.142246, 0.124994, -0.277178, 0.254181, 0.926587, -0.002831, 0.887818, -0.300961, 0.34814, -1.2e-05, 0.0, 0.0, 0.0, 1.0],
                [0.412509, 0.910873, 0.012165, 0.124994, -0.317229, 0.13112, 0.939241, -0.002831, 0.853933, -0.391304, 0.343043, -1.2e-05, 0.0, 0.0, 0.0, 1.0],
                [0.507237, 0.839722, 0.193851, 0.124994, -0.344179, -0.008835, 0.938862, -0.002831, 0.790096, -0.542946, 0.284533, -1.2e-05, 0.0, 0.0, 0.0, 1.0],
                [0.671148, 0.641162, 0.372118, 0.124994, -0.381436, -0.131749, 0.914958, -0.002831, 0.635662, -0.756012, 0.15614, -1.2e-05, 0.0, 0.0, 0.0, 1.0],
                [0.822321, 0.291054, 0.488954, 0.124994, -0.421605, -0.26544, 0.867059, -0.002831, 0.382149, -0.919146, -0.095567, -1.2e-05, 0.0, 0.0, 0.0, 1.0],
                [0.910049, -0.073333, 0.407962, 0.124994, -0.38921, -0.489713, 0.780191, -0.002831, 0.142571, -0.868795, -0.474204, -1.2e-05, 0.0, 0.0, 0.0, 1.0],
                [0.982451, -0.125543, 0.137943, 0.124994, -0.184272, -0.767757, 0.613672, -0.002831, 0.028865, -0.628322, -0.777417, -1.2e-05, 0.0, 0.0, 0.0, 1.0],
                [0.98994, 0.138949, -0.02669, 0.124994, 0.135547, -0.877248, 0.460503, -0.002831, 0.040573, -0.459488, -0.887257, -1.2e-05, 0.0, 0.0, 0.0, 1.0],
                [0.937388, 0.327157, -0.119462, 0.124994, 0.347083, -0.848997, 0.398419, -0.002831, 0.028923, -0.414937, -0.909391, -1.2e-05, 0.0, 0.0, 0.0, 1.0],
                [0.903393, 0.365619, -0.224062, 0.124994, 0.424106, -0.839017, 0.34086, -0.002831, -0.063367, -0.402957, -0.913022, -1.2e-05, 0.0, 0.0, 0.0, 1.0],
                [0.882805, 0.334748, -0.329543, 0.124994, 0.432696, -0.852559, 0.293117, -0.002831, -0.182834, -0.401357, -0.897488, -1.2e-05, 0.0, 0.0, 0.0, 1.0],
                [0.870387, 0.319267, -0.374827, 0.124994, 0.425781, -0.870358, 0.247359, -0.002831, -0.24726, -0.374892, -0.893486, -1.2e-05, 0.0, 0.0, 0.0, 1.0],
                [0.871489, 0.316154, -0.374904, 0.124994, 0.415338, -0.882303, 0.22144, -0.002831, -0.26077, -0.348695, -0.900229, -1.2e-05, 0.0, 0.0, 0.0, 1.0],
                [0.876512, 0.311801, -0.366752, 0.124994, 0.406765, -0.887165, 0.2179, -0.002831, -0.257428, -0.340174, -0.904441, -1.2e-05, 0.0, 0.0, 0.0, 1.0],
                [0.881767, 0.304883, -0.359907, 0.124994, 0.401834, -0.885131, 0.234678, -0.002831, -0.247015, -0.351554, -0.902991, -1.2e-05, 0.0, 0.0, 0.0, 1.0],
                [0.887407, 0.297197, -0.352396, 0.124994, 0.398342, -0.879112, 0.261699, -0.002831, -0.232019, -0.372608, -0.898516, -1.2e-05, 0.0, 0.0, 0.0, 1.0],
                [0.893125, 0.290138, -0.343726, 0.124994, 0.395918, -0.869752, 0.294585, -0.002831, -0.213486, -0.399189, -0.891668, -1.2e-05, 0.0, 0.0, 0.0, 1.0],
                [0.898631, 0.28467, -0.333803, 0.124994, 0.394229, -0.857817, 0.329749, -0.002831, -0.192472, -0.427918, -0.883086, -1.2e-05, 0.0, 0.0, 0.0, 1.0],
                [0.903668, 0.28125, -0.322931, 0.124994, 0.393024, -0.84415, 0.364614, -0.002831, -0.170054, -0.456409, -0.873369, -1.2e-05, 0.0, 0.0, 0.0, 1.0],
                [0.908021, 0.279899, -0.311694, 0.124994, 0.392161, -0.829598, 0.397463, -0.002831, -0.147332, -0.483139, -0.863059, -1.2e-05, 0.0, 0.0, 0.0, 1.0],
                [0.911538, 0.28048, -0.300715, 0.124994, 0.391624, -0.815149, 0.426805, -0.002831, -0.125417, -0.506816, -0.852882, -1.2e-05, 0.0, 0.0, 0.0, 1.0],
                [0.914115, 0.282729, -0.290615, 0.124994, 0.391508, -0.801874, 0.451354, -0.002831, -0.105426, -0.526367, -0.843696, -1.2e-05, 0.0, 0.0, 0.0, 1.0],
                [0.9157, 0.286331, -0.281971, 0.124994, 0.392004, -0.7909, 0.469903, -0.002831, -0.088463, -0.540825, -0.83647, -1.2e-05, 0.0, 0.0, 0.0, 1.0],
                [0.916269, 0.290989, -0.275273, 0.124994, 0.39336, -0.783392, 0.481212, -0.002831, -0.075619, -0.549201, -0.832262, -1.2e-05, 0.0, 0.0, 0.0, 1.0],
                [0.916262, 0.295929, -0.269982, 0.124994, 0.395134, -0.778444, 0.487745, -0.002831, -0.065828, -0.553581, -0.83019, -1.2e-05, 0.0, 0.0, 0.0, 1.0],
                [0.916137, 0.300577, -0.265229, 0.124994, 0.396761, -0.774346, 0.492918, -0.002831, -0.057219, -0.556813, -0.828665, -1.2e-05, 0.0, 0.0, 0.0, 1.0],
                [0.915916, 0.304996, -0.260911, 0.124994, 0.398287, -0.771057, 0.496829, -0.002831, -0.049647, -0.558971, -0.8277, -1.2e-05, 0.0, 0.0, 0.0, 1.0],
                [0.91562, 0.309251, -0.256913, 0.124994, 0.399745, -0.768523, 0.499577, -0.002831, -0.042949, -0.560122, -0.827295, -1.2e-05, 0.0, 0.0, 0.0, 1.0],
                [0.915264, 0.313413, -0.253108, 0.124994, 0.401156, -0.766688, 0.501263, -0.002831, -0.036952, -0.560324, -0.827449, -1.2e-05, 0.0, 0.0, 0.0, 1.0],
                [0.914865, 0.317555, -0.24936, 0.124994, 0.402531, -0.765489, 0.501991, -0.002831, -0.031472, -0.559629, -0.828145, -1.2e-05, 0.0, 0.0, 0.0, 1.0],
                [0.914435, 0.321752, -0.245528, 0.124994, 0.403875, -0.764866, 0.501862, -0.002831, -0.026321, -0.558083, -0.829368, -1.2e-05, 0.0, 0.0, 0.0, 1.0],
                [0.913984, 0.326074, -0.241472, 0.124994, 0.40519, -0.764748, 0.50098, -0.002831, -0.021309, -0.55573, -0.83109, -1.2e-05, 0.0, 0.0, 0.0, 1.0],
                [0.913519, 0.330592, -0.237049, 0.124994, 0.406471, -0.765072, 0.499445, -0.002831, -0.016247, -0.552606, -0.833284, -1.2e-05, 0.0, 0.0, 0.0, 1.0],
                [0.913042, 0.335374, -0.232117, 0.124994, 0.407718, -0.765771, 0.497354, -0.002831, -0.010949, -0.548743, -0.835919, -1.2e-05, 0.0, 0.0, 0.0, 1.0],
                [0.912551, 0.340486, -0.226538, 0.124994, 0.408928, -0.766778, 0.494802, -0.002831, -0.005231, -0.54417, -0.838959, -1.2e-05, 0.0, 0.0, 0.0, 1.0],
                [0.912039, 0.345988, -0.220175, 0.124994, 0.410102, -0.76803, 0.49188, -0.002831, 0.001084, -0.538908, -0.842364, -1.2e-05, 0.0, 0.0, 0.0, 1.0],
                [0.91149, 0.351943, -0.212893, 0.124994, 0.411243, -0.769465, 0.488675, -0.002831, 0.008172, -0.532972, -0.846093, -1.2e-05, 0.0, 0.0, 0.0, 1.0],
                [0.91088, 0.358404, -0.20456, 0.124994, 0.412354, -0.771024, 0.485269, -0.002831, 0.016202, -0.526373, -0.8501, -1.2e-05, 0.0, 0.0, 0.0, 1.0],
                [0.910176, 0.365427, -0.195047, 0.124994, 0.413447, -0.77265, 0.48174, -0.002831, 0.025337, -0.51911, -0.854332, -1.2e-05, 0.0, 0.0, 0.0, 1.0],
                [0.909333, 0.373061, -0.184225, 0.124994, 0.414531, -0.77429, 0.478162, -0.002831, 0.03574, -0.511176, -0.858732, -1.2e-05, 0.0, 0.0, 0.0, 1.0],
                [0.908293, 0.381356, -0.171966, 0.124994, 0.415623, -0.775894, 0.474602, -0.002831, 0.047565, -0.502551, -0.863238, -1.2e-05, 0.0, 0.0, 0.0, 1.0],
                [0.90698, 0.390356, -0.158144, 0.124994, 0.416739, -0.777413, 0.471125, -0.002831, 0.060963, -0.493205, -0.867774, -1.2e-05, 0.0, 0.0, 0.0, 1.0],
                [0.90411, 0.402816, -0.142561, 0.124994, 0.420303, -0.778226, 0.466595, -0.002831, 0.077007, -0.481772, -0.872906, -1.2e-05, 0.0, 0.0, 0.0, 1.0],
                [0.898732, 0.420271, -0.125112, 0.124994, 0.427883, -0.77812, 0.459832, -0.002831, 0.095902, -0.466799, -0.879148, -1.2e-05, 0.0, 0.0, 0.0, 1.0],
                [0.89129, 0.440926, -0.105765, 0.124994, 0.438211, -0.777675, 0.450769, -0.002831, 0.116505, -0.448113, -0.886352, -1.2e-05, 0.0, 0.0, 0.0, 1.0],
                [0.882344, 0.462943, -0.084569, 0.124994, 0.450008, -0.777411, 0.43946, -0.002831, 0.137701, -0.425812, -0.894272, -1.2e-05, 0.0, 0.0, 0.0, 1.0],
                [0.872621, 0.484472, -0.061791, 0.124994, 0.461988, -0.777763, 0.426206, -0.002831, 0.158426, -0.400463, -0.902513, -1.2e-05, 0.0, 0.0, 0.0, 1.0],
                [0.863036, 0.50371, -0.038008, 0.124994, 0.472854, -0.779114, 0.41157, -0.002831, 0.177699, -0.373173, -0.910585, -1.2e-05, 0.0, 0.0, 0.0, 1.0],
                [0.854678, 0.518967, -0.014128, 0.124994, 0.481292, -0.781842, 0.396335, -0.002831, 0.194639, -0.345539, -0.917998, -1.2e-05, 0.0, 0.0, 0.0, 1.0],
                [0.848759, 0.528708, 0.008679, 0.124994, 0.485948, -0.786376, 0.381402, -0.002831, 0.208475, -0.319501, -0.924368, -1.2e-05, 0.0, 0.0, 0.0, 1.0],
                [0.846534, 0.531536, 0.029155, 0.124994, 0.485402, -0.793227, 0.367662, -0.002831, 0.218552, -0.297087, -0.929502, -1.2e-05, 0.0, 0.0, 0.0, 1.0],
                [0.849154, 0.526121, 0.046194, 0.124994, 0.478138, -0.802956, 0.355872, -0.002831, 0.224324, -0.280103, -0.933392, -1.2e-05, 0.0, 0.0, 0.0, 1.0],
                [0.858564, 0.509768, 0.054809, 0.124994, 0.461106, -0.81447, 0.352164, -0.002831, 0.224162, -0.277083, -0.934332, -1.2e-05, 0.0, 0.0, 0.0, 1.0],
                [0.874532, 0.481926, 0.054221, 0.124994, 0.433344, -0.826739, 0.358769, -0.002831, 0.217727, -0.290258, -0.93185, -1.2e-05, 0.0, 0.0, 0.0, 1.0],
                [0.894414, 0.44451, 0.049342, 0.124994, 0.396761, -0.839536, 0.371161, -0.002831, 0.206409, -0.312395, -0.927257, -1.2e-05, 0.0, 0.0, 0.0, 1.0],
                [0.915409, 0.400145, 0.043701, 0.124994, 0.353969, -0.851921, 0.385923, -0.002831, 0.191656, -0.337809, -0.921495, -1.2e-05, 0.0, 0.0, 0.0, 1.0],
                [0.93505, 0.352316, 0.039424, 0.124994, 0.308295, -0.863003, 0.400224, -0.002831, 0.175029, -0.362075, -0.915569, -1.2e-05, 0.0, 0.0, 0.0, 1.0],
                [0.951642, 0.30492, 0.037429, 0.124994, 0.263401, -0.872564, 0.411403, -0.002831, 0.158104, -0.38165, -0.910685, -1.2e-05, 0.0, 0.0, 0.0, 1.0],
                [0.964448, 0.26157, 0.037696, 0.124994, 0.222698, -0.881212, 0.416977, -0.002831, 0.142287, -0.393758, -0.908135, -1.2e-05, 0.0, 0.0, 0.0, 1.0],
                [0.973545, 0.225029, 0.039648, 0.124994, 0.188828, -0.890038, 0.41494, -0.002831, 0.128662, -0.396476, -0.908984, -1.2e-05, 0.0, 0.0, 0.0, 1.0],
                [0.979481, 0.196983, 0.042605, 0.124994, 0.163416, -0.899983, 0.404136, -0.002831, 0.117951, -0.388881, -0.913706, -1.2e-05, 0.0, 0.0, 0.0, 1.0],
                [0.982916, 0.178172, 0.046163, 0.124994, 0.147125, -0.911286, 0.384595, -0.002831, 0.110592, -0.371232, -0.921931, -1.2e-05, 0.0, 0.0, 0.0, 1.0],
                [0.984379, 0.168685, 0.050421, 0.124994, 0.139902, -0.923315, 0.357654, -0.002831, 0.106886, -0.345014, -0.932492, -1.2e-05, 0.0, 0.0, 0.0, 1.0],
                [0.984145, 0.16826, 0.0561, 0.124994, 0.14132, -0.935015, 0.325233, -0.002831, 0.107178, -0.312149, -0.943968, -1.2e-05, 0.0, 0.0, 0.0, 1.0],
                [0.983291, 0.171143, 0.06204, 0.124994, 0.146125, -0.945288, 0.291681, -0.002831, 0.108565, -0.277742, -0.954502, -1.2e-05, 0.0, 0.0, 0.0, 1.0],
                [0.982829, 0.172211, 0.066265, 0.124994, 0.149521, -0.953721, 0.260886, -0.002831, 0.108125, -0.246498, -0.963093, -1.2e-05, 0.0, 0.0, 0.0, 1.0],
                [0.982693, 0.171939, 0.068928, 0.124994, 0.151722, -0.960562, 0.233026, -0.002831, 0.106276, -0.218535, -0.970025, -1.2e-05, 0.0, 0.0, 0.0, 1.0],
                [0.982814, 0.170721, 0.070218, 0.124994, 0.152936, -0.966058, 0.208187, -0.002831, 0.103376, -0.193871, -0.975566, -1.2e-05, 0.0, 0.0, 0.0, 1.0],
                [0.983124, 0.168879, 0.070338, 0.124994, 0.153366, -0.970436, 0.186369, -0.002831, 0.099732, -0.172436, -0.979959, -1.2e-05, 0.0, 0.0, 0.0, 1.0],
                [0.98356, 0.166669, 0.069503, 0.124994, 0.153198, -0.973902, 0.167469, -0.002831, 0.0956, -0.154068, -0.983424, -1.2e-05, 0.0, 0.0, 0.0, 1.0],
                [0.984071, 0.164283, 0.067933, 0.124994, 0.152601, -0.976644, 0.151264, -0.002831, 0.091196, -0.138488, -0.986157, -1.2e-05, 0.0, 0.0, 0.0, 1.0],
                [0.984613, 0.161866, 0.065845, 0.124994, 0.151723, -0.978822, 0.137434, -0.002831, 0.086697, -0.125329, -0.988319, -1.2e-05, 0.0, 0.0, 0.0, 1.0],
                [0.985153, 0.159523, 0.06345, 0.124994, 0.150694, -0.980572, 0.125575, -0.002831, 0.08225, -0.114149, -0.990053, -1.2e-05, 0.0, 0.0, 0.0, 1.0],
                [0.985664, 0.157326, 0.06096, 0.124994, 0.149618, -0.98201, 0.115199, -0.002831, 0.077987, -0.104427, -0.99147, -1.2e-05, 0.0, 0.0, 0.0, 1.0],
                [0.986126, 0.155322, 0.058574, 0.124994, 0.148584, -0.983229, 0.105757, -0.002831, 0.074018, -0.095587, -0.992665, -1.2e-05, 0.0, 0.0, 0.0, 1.0],
                [0.986527, 0.153533, 0.056499, 0.124994, 0.147662, -0.984317, 0.096519, -0.002831, 0.070431, -0.086876, -0.993726, -1.2e-05, 0.0, 0.0, 0.0, 1.0],
                [0.986894, 0.151793, 0.054762, 0.124994, 0.146695, -0.985306, 0.08748, -0.002831, 0.067236, -0.0783, -0.99466, -1.2e-05, 0.0, 0.0, 0.0, 1.0],
                [0.987254, 0.149953, 0.053332, 0.124994, 0.145539, -0.986211, 0.078772, -0.002831, 0.064408, -0.070006, -0.995465, -1.2e-05, 0.0, 0.0, 0.0, 1.0],
                [0.987598, 0.148066, 0.052218, 0.124994, 0.144259, -0.987033, 0.070395, -0.002831, 0.061964, -0.061989, -0.996151, -1.2e-05, 0.0, 0.0, 0.0, 1.0],
                [0.987921, 0.146175, 0.051426, 0.124994, 0.142908, -0.987771, 0.062336, -0.002831, 0.059909, -0.054234, -0.99673, -1.2e-05, 0.0, 0.0, 0.0, 1.0],
                [0.98822, 0.144307, 0.050971, 0.124994, 0.14153, -0.988435, 0.054462, -0.00283, 0.05824, -0.046607, -0.997214, -1.2e-05, 0.0, 0.0, 0.0, 1.0],
                [0.988489, 0.1425, 0.050817, 0.124994, 0.140162, -0.989015, 0.046945, -0.002831, 0.056948, -0.039282, -0.997604, -1.2e-05, 0.0, 0.0, 0.0, 1.0],
                [0.98873, 0.140769, 0.05096, 0.124994, 0.138837, -0.98952, 0.039684, -0.002831, 0.056012, -0.032161, -0.997912, -1.2e-05, 0.0, 0.0, 0.0, 1.0],
                [0.98894, 0.139129, 0.051387, 0.124994, 0.137578, -0.989955, 0.032591, -0.002831, 0.055405, -0.025161, -0.998147, -1.2e-05, 0.0, 0.0, 0.0, 1.0],
                [0.98912, 0.137599, 0.052042, 0.124994, 0.136407, -0.990316, 0.025825, -0.002831, 0.055092, -0.018445, -0.998311, -1.2e-05, 0.0, 0.0, 0.0, 1.0],
                [0.989269, 0.136195, 0.052885, 0.124994, 0.135343, -0.990609, 0.019376, -0.002831, 0.055027, -0.01201, -0.998413, -1.2e-05, 0.0, 0.0, 0.0, 1.0],
                [0.989391, 0.134924, 0.053873, 0.124994, 0.134402, -0.990839, 0.013202, -0.002831, 0.055161, -0.005822, -0.99846, -1.1e-05, 0.0, 0.0, 0.0, 1.0],
                [0.989484, 0.133817, 0.054907, 0.124994, 0.1336, -0.991006, 0.00762, -0.002831, 0.055433, -0.000204, -0.998462, -1.2e-05, 0.0, 0.0, 0.0, 1.0],
                [0.989552, 0.132891, 0.055916, 0.124994, 0.13295, -0.99112, 0.002694, -0.002831, 0.055778, 0.004768, -0.998432, -1.2e-05, 0.0, 0.0, 0.0, 1.0],
                [0.989597, 0.132187, 0.056779, 0.124994, 0.132467, -0.991187, -0.001182, -0.002831, 0.056122, 0.008691, -0.998386, -1.2e-05, 0.0, 0.0, 0.0, 1.0],
                [0.989622, 0.131736, 0.057385, 0.124994, 0.132166, -0.991221, -0.003732, -0.002831, 0.056389, 0.011278, -0.998345, -1.2e-05, 0.0, 0.0, 0.0, 1.0],
                [0.98963, 0.131579, 0.057611, 0.124994, 0.132062, -0.99123, -0.004631, -0.002831, 0.056497, 0.012192, -0.998328, -1.2e-05, 0.0, 0.0, 0.0, 1.0]
            ]
        },
        {
            "name": "Leg_R",
            "time": [0.0, 0.0167, 0.0333, 0.05, 0.0667, 0.0833, 0.1, 0.1167, 0.1333, 0.15, 0.1667, 0.1833, 0.2, 0.2167, 0.2333, 0.25, 0.2667, 0.2833, 0.3, 0.3167, 0.3333, 0.35, 0.3667, 0.3833, 0.4, 0.4167, 0.4333, 0.45, 0.4667, 0.4833, 0.5, 0.5167, 0.5333, 0.55, 0.5667, 0.5833, 0.6, 0.6167, 0.6333, 0.65, 0.6667, 0.6833, 0.7, 0.7167, 0.7333, 0.75, 0.7667, 0.7833, 0.8, 0.8167, 0.8333, 0.85, 0.8667, 0.8833, 0.9, 0.9167, 0.9333, 0.95, 0.9667, 0.9833, 1.0, 1.0167, 1.0333, 1.05, 1.0667, 1.0833, 1.1, 1.1167, 1.1333, 1.15, 1.1667, 1.1833, 1.2, 1.2167, 1.2333, 1.25, 1.2667, 1.2833, 1.3, 1.3167, 1.3333, 1.35, 1.3667, 1.3833, 1.4, 1.4167, 1.4333, 1.45, 1.4667, 1.4833, 1.5, 1.5167, 1.5333, 1.55, 1.5667, 1.5833, 1.6, 1.6167, 1.6333, 1.65, 1.6667, 1.6833, 1.7, 1.7167, 1.7333, 1.75, 1.7667, 1.7833, 1.8],
            "transform": [
                [1.0, -1e-06, 0.0, -0.0, -0.0, -0.160919, 0.986967, 0.374726, -1e-06, -0.986967, -0.160919, 0.0, 0.0, 0.0, 0.0, 1.0],
                [1.0, -1e-06, 0.0, 0.0, -0.0, -0.193071, 0.981184, 0.374726, -1e-06, -0.981185, -0.193071, 0.0, 0.0, 0.0, 0.0, 1.0],
                [1.0, -1e-06, 0.0, -0.0, -0.0, -0.215027, 0.976608, 0.374726, -1e-06, -0.976608, -0.215027, 0.0, 0.0, 0.0, 0.0, 1.0],
                [1.0, -1e-06, 0.0, 0.0, -0.0, -0.23111, 0.972928, 0.374726, -1e-06, -0.972928, -0.23111, 0.0, 0.0, 0.0, 0.0, 1.0],
                [1.0, -1e-06, -0.0, 0.0, -0.0, -0.244268, 0.969707, 0.374726, -1e-06, -0.969708, -0.244268, 0.0, 0.0, 0.0, 0.0, 1.0],
                [1.0, -1e-06, 0.0, 0.0, -0.0, -0.256445, 0.966559, 0.374726, -1e-06, -0.966559, -0.256445, 0.0, 0.0, 0.0, 0.0, 1.0],
                [1.0, -1e-06, -0.0, -0.0, -0.0, -0.268878, 0.963174, 0.374726, -1e-06, -0.963174, -0.268878, 0.0, 0.0, 0.0, 0.0, 1.0],
                [1.0, -1e-06, 0.0, 0.0, -0.0, -0.282321, 0.95932, 0.374726, -1e-06, -0.95932, -0.282321, 0.0, 0.0, 0.0, 0.0, 1.0],
                [1.0, -1e-06, 0.0, -0.0, -0.0, -0.297193, 0.954817, 0.374726, -1e-06, -0.954817, -0.297193, -0.0, 0.0, 0.0, 0.0, 1.0],
                [1.0, -1e-06, 0.0, 0.0, -0.0, -0.313682, 0.949528, 0.374726, -1e-06, -0.949528, -0.313682, 0.0, 0.0, 0.0, 0.0, 1.0],
                [1.0, -1e-06, -0.0, 0.0, -0.0, -0.331816, 0.943345, 0.374726, -1e-06, -0.943345, -0.331816, -0.0, 0.0, 0.0, 0.0, 1.0],
                [1.0, -1e-06, -0.0, 0.0, -0.0, -0.355584, 0.934645, 0.374726, -1e-06, -0.934645, -0.355584, -0.0, 0.0, 0.0, 0.0, 1.0],
                [1.0, -1e-06, -0.0, 0.0, -0.0, -0.382291, 0.924042, 0.374726, -1e-06, -0.924042, -0.382291, 0.0, 0.0, 0.0, 0.0, 1.0],
                [1.0, -1e-06, 0.0, 0.0, -0.0, -0.40213, 0.915582, 0.374726, -1e-06, -0.915582, -0.40213, -0.0, 0.0, 0.0, 0.0, 1.0],
                [1.0, -1e-06, -0.0, 0.0, -0.0, -0.409293, 0.912403, 0.374726, -1e-06, -0.912403, -0.409293, 0.0, 0.0, 0.0, 0.0, 1.0],
                [1.0, -1e-06, -0.0, 0.0, -0.0, -0.403675, 0.914902, 0.374726, -1e-06, -0.914903, -0.403675, 0.0, 0.0, 0.0, 0.0, 1.0],
