{
    "animation": [
        {
            "name": "Root",
            "time": [0.0, 0.0167, 0.0333, 0.05, 0.0667, 0.0833, 0.1, 0.1167, 0.1333, 0.15, 0.1667, 0.1833, 0.2, 0.2167, 0.2333, 0.25, 0.2667, 0.2833, 0.3, 0.3167, 0.3333, 0.35, 0.3667, 0.3833, 0.4, 0.4167, 0.4333, 0.45, 0.4667, 0.4833, 0.5, 0.5167, 0.5333, 0.55, 0.5667, 0.5833, 0.6, 0.6167, 0.6333, 0.65, 0.6667, 0.6833, 0.7, 0.7167, 0.7333, 0.75, 0.7667, 0.7833, 0.8, 0.8167, 0.8333, 0.85, 0.8667, 0.8833, 0.9, 0.9167, 0.9333, 0.95, 0.9667, 0.9833, 1.0, 1.0167, 1.0333, 1.05, 1.0667, 1.0833, 1.1, 1.1167, 1.1333, 1.15, 1.1667, 1.1833, 1.2, 1.2167, 1.2333, 1.25, 1.2667, 1.2833, 1.3, 1.3167, 1.3333, 1.35, 1.3667, 1.3833, 1.4, 1.4167, 1.4333, 1.45, 1.4667, 1.4833, 1.5, 1.5167, 1.5333, 1.55, 1.5667, 1.5833, 1.6, 1.6167, 1.6333, 1.65, 1.6667, 1.6833, 1.7, 1.7167, 1.7333, 1.75, 1.7667, 1.7833, 1.8, 1.8167, 1.8333, 1.85, 1.8667, 1.8833, 1.9, 1.9167, 1.9333, 1.95, 1.9667],
            "transform": [
                [-0.07792, 0.066095, -0.994766, 0.000109, -0.992254, 0.091689, 0.083815, 0.002415, 0.096749, 0.993592, 0.058438, 0.630711, 0.0, 0.0, 0.0, 1.0],
                [-0.146041, 0.089014, -0.985266, 0.000109, -0.985518, 0.073661, 0.152734, 0.003376, 0.086171, 0.993303, 0.076967, 0.634771, 0.0, 0.0, 0.0, 1.0],
                [-0.183682, 0.117027, -0.975995, 0.000109, -0.980748, 0.04514, 0.18999, 0.004362, 0.066291, 0.992102, 0.106483, 0.640049, 0.0, 0.0, 0.0, 1.0],
                [-0.201402, 0.149019, -0.968107, 0.000109, -0.978726, 0.00889, 0.204979, 0.005343, 0.039152, 0.988794, 0.144058, 0.645326, 0.0, 0.0, 0.0, 1.0],
                [-0.209428, 0.183893, -0.960377, 0.000109, -0.9778, -0.032564, 0.206993, 0.00629, 0.006791, 0.982407, 0.18663, 0.649386, 0.0, 0.0, 0.0, 1.0],
                [-0.217534, 0.220097, -0.950913, 0.000109, -0.975643, -0.077233, 0.205316, 0.007171, -0.028252, 0.972416, 0.231537, 0.65101, 0.0, 0.0, 0.0, 1.0],
                [-0.234984, 0.255408, -0.937843, 0.000109, -0.969974, -0.12387, 0.209301, 0.007958, -0.062714, 0.958865, 0.276846, 0.649662, 0.0, 0.0, 0.0, 1.0],
                [-0.270407, 0.286871, -0.919013, 0.000109, -0.958282, -0.172021, 0.228264, 0.008619, -0.092607, 0.942398, 0.321419, 0.645261, 0.0, 0.0, 0.0, 1.0],
                [-0.331481, 0.310739, -0.890821, 0.000109, -0.936635, -0.221768, 0.271171, 0.009124, -0.113292, 0.924262, 0.364561, 0.637269, 0.0, 0.0, 0.0, 1.0],
                [-0.424055, 0.322372, -0.846318, 0.000109, -0.897705, -0.273032, 0.345802, 0.009443, -0.119595, 0.906383, 0.405175, 0.625151, 0.0, 0.0, 0.0, 1.0],
                [-0.565656, 0.314882, -0.762157, 0.000109, -0.818031, -0.331052, 0.470352, 0.009753, -0.104208, 0.889525, 0.444845, 0.608438, 0.0, 0.0, 0.0, 1.0],
                [-0.739458, 0.279363, -0.612501, 0.000109, -0.669567, -0.399626, 0.626082, 0.011059, -0.069867, 0.873072, 0.48256, 0.586939, 0.0, 0.0, 0.0, 1.0],
                [-0.893403, 0.208867, -0.39775, 0.000109, -0.448329, -0.471316, 0.759515, 0.014574, -0.028828, 0.856876, 0.514716, 0.56053, 0.0, 0.0, 0.0, 1.0],
                [-0.98426, 0.100466, -0.145398, 0.000109, -0.176661, -0.536113, 0.825454, 0.02151, 0.004981, 0.838147, 0.545422, 0.529087, 0.0, 0.0, 0.0, 1.0],
                [-0.994014, -0.05145, 0.096379, 0.000109, 0.108298, -0.580363, 0.807124, 0.050412, 0.014408, 0.812731, 0.582461, 0.496046, 0.0, 0.0, 0.0, 1.0],
                [-0.937552, -0.186092, 0.293884, 0.000109, 0.345745, -0.591292, 0.728584, 0.10151, 0.038188, 0.784693, 0.618707, 0.479087, 0.0, 0.0, 0.0, 1.0],
                [-0.861661, -0.262874, 0.434094, 0.000735, 0.499688, -0.588842, 0.635278, 0.152746, 0.088615, 0.764305, 0.638737, 0.477537, 0.0, 0.0, 0.0, 1.0],
                [-0.792027, -0.31301, 0.524137, 0.002302, 0.595841, -0.583278, 0.552052, 0.198876, 0.13292, 0.749541, 0.648475, 0.476499, 0.0, 0.0, 0.0, 1.0],
                [-0.734322, -0.347161, 0.58331, 0.004338, 0.657249, -0.57845, 0.483135, 0.238858, 0.16969, 0.738157, 0.652939, 0.475869, 0.0, 0.0, 0.0, 1.0],
                [-0.684468, -0.375006, 0.625199, 0.006374, 0.701365, -0.572761, 0.424302, 0.271652, 0.198973, 0.728914, 0.655053, 0.475545, 0.0, 0.0, 0.0, 1.0],
                [-0.633837, -0.405145, 0.658869, 0.00794, 0.741193, -0.561652, 0.367668, 0.296216, 0.221096, 0.72139, 0.656287, 0.475426, 0.0, 0.0, 0.0, 1.0],
                [-0.571097, -0.444961, 0.689825, 0.008567, 0.786135, -0.538366, 0.303567, 0.31151, 0.236303, 0.715662, 0.657259, 0.475409, 0.0, 0.0, 0.0, 1.0],
                [-0.483697, -0.504378, 0.71529, 0.006613, 0.842444, -0.489908, 0.224229, 0.318258, 0.23733, 0.71105, 0.661878, 0.475604, 0.0, 0.0, 0.0, 1.0],
                [-0.365159, -0.574385, 0.732626, 0.002315, 0.904318, -0.40573, 0.132638, 0.324251, 0.221063, 0.71096, 0.667583, 0.476972, 0.0, 0.0, 0.0, 1.0],
                [-0.211832, -0.631418, 0.745948, -0.001983, 0.958471, -0.283351, 0.032337, 0.339042, 0.190947, 0.72182, 0.665218, 0.480684, 0.0, 0.0, 0.0, 1.0],
                [-0.02143, -0.649956, 0.759669, -0.003936, 0.989245, -0.123753, -0.077974, 0.372188, 0.144692, 0.749828, 0.645618, 0.487912, 0.0, 0.0, 0.0, 1.0],
                [0.22031, -0.565782, 0.794578, 0.000132, 0.975098, 0.106483, -0.194541, 0.469894, 0.025459, 0.817651, 0.575152, 0.504771, 0.0, 0.0, 0.0, 1.0],
                [0.471883, -0.377039, 0.796974, 0.009082, 0.867172, 0.361689, -0.342336, 0.639668, -0.159183, 0.852656, 0.497632, 0.52967, 0.0, 0.0, 0.0, 1.0],
                [0.681962, -0.203041, 0.70264, 0.018032, 0.678092, 0.535534, -0.503383, 0.833021, -0.27408, 0.819743, 0.502894, 0.552224, 0.0, 0.0, 0.0, 1.0],
                [0.842178, -0.08713, 0.532114, 0.0221, 0.471055, 0.599106, -0.647441, 1.001461, -0.262381, 0.795915, 0.545596, 0.56205, 0.0, 0.0, 0.0, 1.0],
                [0.946019, -0.009269, 0.323978, 0.009082, 0.268977, 0.58015, -0.768816, 1.109317, -0.18083, 0.814457, 0.551326, 0.524981, 0.0, 0.0, 0.0, 1.0],
                [0.993543, 0.048029, 0.102793, -0.003936, 0.059014, 0.555037, -0.82973, 1.172188, -0.096905, 0.830438, 0.548618, 0.487912, 0.0, 0.0, 0.0, 1.0],
                [0.988595, 0.088127, -0.122124, -0.003936, -0.150516, 0.550937, -0.820862, 1.214214, -0.005058, 0.829881, 0.557917, 0.487912, 0.0, 0.0, 0.0, 1.0],
                [0.935751, 0.117868, -0.332382, -0.003936, -0.340514, 0.547213, -0.764597, 1.242426, 0.091762, 0.828653, 0.552191, 0.487912, 0.0, 0.0, 0.0, 1.0],
                [0.850383, 0.139456, -0.507347, -0.003936, -0.493691, 0.544978, -0.677693, 1.259577, 0.181984, 0.826771, 0.532288, 0.487912, 0.0, 0.0, 0.0, 1.0],
                [0.757485, 0.154562, -0.634293, -0.003936, -0.600932, 0.544772, -0.584897, 1.268418, 0.255142, 0.824217, 0.505538, 0.487912, 0.0, 0.0, 0.0, 1.0],
                [0.684877, 0.164235, -0.709909, -0.003936, -0.662277, 0.546589, -0.512474, 1.271705, 0.303863, 0.821138, 0.483115, 0.487912, 0.0, 0.0, 0.0, 1.0],
                [0.656813, 0.168795, -0.734918, -0.003936, -0.681546, 0.549896, -0.482813, 1.272188, 0.322632, 0.817999, 0.476221, 0.487912, 0.0, 0.0, 0.0, 1.0],
                [0.659018, 0.171072, -0.732414, -0.003377, -0.679235, 0.553573, -0.481869, 1.272188, 0.32301, 0.815041, 0.481012, 0.487897, 0.0, 0.0, 0.0, 1.0],
                [0.664492, 0.173787, -0.726807, -0.001917, -0.674856, 0.557279, -0.483744, 1.272188, 0.320966, 0.811935, 0.487589, 0.48779, 0.0, 0.0, 0.0, 1.0],
                [0.673141, 0.176571, -0.718125, 0.00012, -0.668231, 0.561203, -0.488384, 1.272188, 0.316779, 0.808625, 0.495759, 0.487499, 0.0, 0.0, 0.0, 1.0],
                [0.68484, 0.179051, -0.706353, 0.002407, -0.659134, 0.565525, -0.495705, 1.272188, 0.310704, 0.80506, 0.505313, 0.486932, 0.0, 0.0, 0.0, 1.0],
                [0.699435, 0.180843, -0.691438, 0.004619, -0.647299, 0.570421, -0.505594, 1.272188, 0.302978, 0.801197, 0.516031, 0.485997, 0.0, 0.0, 0.0, 1.0],
                [0.716742, 0.181549, -0.673291, 0.006431, -0.632416, 0.576045, -0.517902, 1.272188, 0.293822, 0.797002, 0.52769, 0.484603, 0.0, 0.0, 0.0, 1.0],
                [0.736359, 0.180874, -0.651967, 0.007601, -0.61436, 0.582422, -0.532303, 1.272188, 0.28344, 0.792508, 0.539993, 0.482293, 0.0, 0.0, 0.0, 1.0],
                [0.757144, 0.179009, -0.628242, 0.00822, -0.593913, 0.589119, -0.547911, 1.272188, 0.272028, 0.787969, 0.552364, 0.479364, 0.0, 0.0, 0.0, 1.0],
                [0.777863, 0.176321, -0.603192, 0.008464, -0.572193, 0.5956, -0.563787, 1.272188, 0.259854, 0.783691, 0.564184, 0.476848, 0.0, 0.0, 0.0, 1.0],
                [0.797409, 0.173242, -0.578037, 0.008506, -0.550448, 0.601355, -0.57912, 1.272188, 0.247277, 0.779974, 0.574886, 0.47578, 0.0, 0.0, 0.0, 1.0],
                [0.815026, 0.170258, -0.553845, 0.008474, -0.529742, 0.606205, -0.593203, 1.272188, 0.234746, 0.776871, 0.584265, 0.475859, 0.0, 0.0, 0.0, 1.0],
                [0.830761, 0.167522, -0.530822, 0.008381, -0.510232, 0.61035, -0.605917, 1.272188, 0.222483, 0.774215, 0.592531, 0.476087, 0.0, 0.0, 0.0, 1.0],
                [0.844818, 0.165011, -0.508973, 0.008235, -0.491881, 0.613866, -0.617431, 1.272188, 0.210558, 0.771971, 0.599771, 0.476444, 0.0, 0.0, 0.0, 1.0],
                [0.857388, 0.162691, -0.48828, 0.00804, -0.474629, 0.616823, -0.627899, 1.272188, 0.199029, 0.770105, 0.606074, 0.476914, 0.0, 0.0, 0.0, 1.0],
                [0.868649, 0.160517, -0.468704, 0.007804, -0.458397, 0.619287, -0.63746, 1.272188, 0.187939, 0.768581, 0.611524, 0.477479, 0.0, 0.0, 0.0, 1.0],
                [0.878764, 0.15844, -0.450189, 0.007533, -0.443091, 0.621324, -0.64624, 1.272188, 0.177323, 0.767367, 0.616201, 0.478122, 0.0, 0.0, 0.0, 1.0],
                [0.887886, 0.156403, -0.432662, 0.007232, -0.428604, 0.622994, -0.654352, 1.272188, 0.167203, 0.766431, 0.620183, 0.478825, 0.0, 0.0, 0.0, 1.0],
                [0.896152, 0.154342, -0.41604, 0.006908, -0.414818, 0.624354, -0.661897, 1.272188, 0.157597, 0.765742, 0.62354, 0.479571, 0.0, 0.0, 0.0, 1.0],
                [0.903689, 0.152193, -0.400229, 0.006567, -0.401608, 0.625459, -0.668964, 1.272188, 0.148515, 0.76527, 0.626342, 0.480342, 0.0, 0.0, 0.0, 1.0],
                [0.910612, 0.149884, -0.385124, 0.006215, -0.38884, 0.626361, -0.67563, 1.272188, 0.13996, 0.764988, 0.628652, 0.48112, 0.0, 0.0, 0.0, 1.0],
                [0.917025, 0.147342, -0.370616, 0.005859, -0.376376, 0.627108, -0.681965, 1.272188, 0.131934, 0.76487, 0.63053, 0.481889, 0.0, 0.0, 0.0, 1.0],
                [0.923021, 0.144493, -0.356588, 0.005504, -0.364074, 0.627749, -0.688028, 1.272188, 0.124432, 0.764888, 0.632031, 0.48263, 0.0, 0.0, 0.0, 1.0],
                [0.928684, 0.141258, -0.342918, 0.005157, -0.351784, 0.628326, -0.69387, 1.272188, 0.11745, 0.765019, 0.633208, 0.483326, 0.0, 0.0, 0.0, 1.0],
                [0.934088, 0.137557, -0.329482, 0.004824, -0.339358, 0.628879, -0.699533, 1.272188, 0.110978, 0.765238, 0.63411, 0.48396, 0.0, 0.0, 0.0, 1.0],
                [0.939297, 0.133311, -0.316149, 0.004511, -0.326642, 0.629447, -0.705054, 1.272188, 0.105007, 0.765523, 0.634782, 0.484514, 0.0, 0.0, 0.0, 1.0],
                [0.944365, 0.128436, -0.302786, 0.004225, -0.31348, 0.630062, -0.710459, 1.272188, 0.099526, 0.76585, 0.63527, 0.484971, 0.0, 0.0, 0.0, 1.0],
                [0.949311, 0.123158, -0.289207, 0.00397, -0.299879, 0.630665, -0.715775, 1.272202, 0.09424, 0.76622, 0.63563, 0.485333, 0.0, 0.0, 0.0, 1.0],
                [0.954073, 0.117788, -0.275448, 0.003744, -0.286083, 0.631061, -0.721054, 1.272296, 0.088893, 0.766739, 0.635775, 0.485691, 0.0, 0.0, 0.0, 1.0],
                [0.958583, 0.112375, -0.261708, 0.003545, -0.272289, 0.631073, -0.726364, 1.272551, 0.083532, 0.767541, 0.635534, 0.486152, 0.0, 0.0, 0.0, 1.0],
                [0.962788, 0.106972, -0.248187, 0.003371, -0.258695, 0.630531, -0.731783, 1.273049, 0.078209, 0.768757, 0.634741, 0.486827, 0.0, 0.0, 0.0, 1.0],
                [0.966646, 0.101639, -0.235085, 0.003218, -0.245498, 0.629265, -0.737398, 1.27387, 0.072983, 0.770516, 0.633229, 0.487824, 0.0, 0.0, 0.0, 1.0],
                [0.970128, 0.096438, -0.222602, 0.003084, -0.232894, 0.627107, -0.743302, 1.275094, 0.067913, 0.772941, 0.630833, 0.489253, 0.0, 0.0, 0.0, 1.0],
                [0.973214, 0.091433, -0.210936, 0.002966, -0.221081, 0.623886, -0.749593, 1.276803, 0.063063, 0.776148, 0.627389, 0.491224, 0.0, 0.0, 0.0, 1.0],
                [0.975895, 0.086688, -0.200284, 0.002862, -0.210255, 0.619433, -0.75637, 1.279077, 0.058494, 0.780249, 0.622728, 0.493846, 0.0, 0.0, 0.0, 1.0],
                [0.978167, 0.082266, -0.190844, 0.002768, -0.20061, 0.613571, -0.763732, 1.281997, 0.054267, 0.785343, 0.616678, 0.497228, 0.0, 0.0, 0.0, 1.0],
                [0.980031, 0.078223, -0.182814, 0.002681, -0.192343, 0.606116, -0.771769, 1.285643, 0.050437, 0.79152, 0.609058, 0.50148, 0.0, 0.0, 0.0, 1.0],
                [0.981489, 0.074605, -0.176392, 0.0026, -0.185651, 0.596877, -0.780558, 1.290097, 0.04705, 0.798857, 0.599679, 0.506711, 0.0, 0.0, 0.0, 1.0],
                [0.982541, 0.071451, -0.171778, 0.002521, -0.180733, 0.585646, -0.790161, 1.295438, 0.044143, 0.807411, 0.588335, 0.51303, 0.0, 0.0, 0.0, 1.0],
                [0.983183, 0.068781, -0.169175, 0.002442, -0.177789, 0.572202, -0.80061, 1.301749, 0.041736, 0.817224, 0.574808, 0.520548, 0.0, 0.0, 0.0, 1.0],
                [0.9834, 0.066594, -0.168788, 0.002359, -0.177025, 0.556304, -0.811904, 1.309108, 0.039829, 0.828306, 0.558858, 0.529372, 0.0, 0.0, 0.0, 1.0],
                [0.983284, 0.064627, -0.170222, 0.002271, -0.178035, 0.537154, -0.824481, 1.322159, 0.038152, 0.841004, 0.539681, 0.541441, 0.0, 0.0, 0.0, 1.0],
                [0.982972, 0.062582, -0.172772, 0.002178, -0.180115, 0.514398, -0.838423, 1.344068, 0.036404, 0.855265, 0.516911, 0.557889, 0.0, 0.0, 0.0, 1.0],
                [0.982503, 0.060398, -0.176183, 0.002081, -0.18302, 0.488466, -0.853174, 1.372707, 0.034529, 0.87049, 0.490973, 0.577621, 0.0, 0.0, 0.0, 1.0],
                [0.981917, 0.058026, -0.180199, 0.00198, -0.186503, 0.459829, -0.868202, 1.405947, 0.032482, 0.88611, 0.462336, 0.599542, 0.0, 0.0, 0.0, 1.0],
                [0.981257, 0.05543, -0.18456, 0.001878, -0.190318, 0.429012, -0.883022, 1.441661, 0.030232, 0.901597, 0.43152, 0.622559, 0.0, 0.0, 0.0, 1.0],
                [0.980565, 0.052599, -0.18901, 0.001774, -0.194217, 0.396596, -0.897213, 1.477721, 0.027768, 0.916485, 0.399104, 0.645577, 0.0, 0.0, 0.0, 1.0],
                [0.97989, 0.049543, -0.193292, 0.00167, -0.197955, 0.363218, -0.910432, 1.511997, 0.025102, 0.930386, 0.36572, 0.667501, 0.0, 0.0, 0.0, 1.0],
                [0.979278, 0.046299, -0.197157, 0.001566, -0.201292, 0.329559, -0.922427, 1.54236, 0.022268, 0.942999, 0.332049, 0.687238, 0.0, 0.0, 0.0, 1.0],
                [0.978781, 0.042926, -0.20036, 0.001463, -0.203994, 0.29634, -0.933043, 1.566684, 0.019323, 0.954117, 0.298809, 0.703692, 0.0, 0.0, 0.0, 1.0],
                [0.978451, 0.039504, -0.202667, 0.001363, -0.205833, 0.264305, -0.942218, 1.582839, 0.016345, 0.96363, 0.26674, 0.715769, 0.0, 0.0, 0.0, 1.0],
                [0.978334, 0.036128, -0.203854, 0.001266, -0.206595, 0.234208, -0.949982, 1.588697, 0.013423, 0.971515, 0.236598, 0.722374, 0.0, 0.0, 0.0, 1.0],
                [0.978512, 0.032873, -0.203552, 0.001173, -0.205916, 0.206664, -0.956498, 1.588411, 0.010624, 0.97786, 0.208992, 0.725764, 0.0, 0.0, 0.0, 1.0],
                [0.979, 0.029785, -0.201673, 0.001085, -0.203704, 0.181715, -0.962021, 1.587579, 0.007993, 0.9829, 0.183966, 0.728927, 0.0, 0.0, 0.0, 1.0],
                [0.979749, 0.026917, -0.198412, 0.001, -0.200152, 0.159244, -0.966737, 1.58624, 0.005574, 0.986872, 0.161406, 0.731873, 0.0, 0.0, 0.0, 1.0],
                [0.980708, 0.024299, -0.193963, 0.000919, -0.19545, 0.139119, -0.970796, 1.584433, 0.003394, 0.989977, 0.141185, 0.734608, 0.0, 0.0, 0.0, 1.0],
                [0.981824, 0.021948, -0.188519, 0.000843, -0.189786, 0.121201, -0.974316, 1.582197, 0.001465, 0.992385, 0.123163, 0.737141, 0.0, 0.0, 0.0, 1.0],
                [0.983048, 0.019865, -0.182268, 0.00077, -0.183347, 0.105341, -0.977388, 1.579571, -0.000215, 0.994238, 0.107197, 0.739479, 0.0, 0.0, 0.0, 1.0],
                [0.984332, 0.018045, -0.175397, 0.000701, -0.176315, 0.091387, -0.980082, 1.576594, -0.001656, 0.995652, 0.093136, 0.74163, 0.0, 0.0, 0.0, 1.0],
                [0.985633, 0.016474, -0.168094, 0.000635, -0.168875, 0.079184, -0.982452, 1.573305, -0.002875, 0.996724, 0.080828, 0.743602, 0.0, 0.0, 0.0, 1.0],
                [0.986913, 0.015135, -0.160542, 0.000573, -0.161206, 0.068575, -0.984535, 1.569743, -0.003892, 0.997531, 0.070117, 0.745402, 0.0, 0.0, 0.0, 1.0],
                [0.988138, 0.014006, -0.152925, 0.000515, -0.153492, 0.059403, -0.986363, 1.565947, -0.004731, 0.998136, 0.060848, 0.747039, 0.0, 0.0, 0.0, 1.0],
                [0.989282, 0.013067, -0.145429, 0.00046, -0.145914, 0.051509, -0.987955, 1.561956, -0.005418, 0.998587, 0.052863, 0.748521, 0.0, 0.0, 0.0, 1.0],
                [0.990323, 0.012293, -0.138237, 0.000409, -0.138653, 0.044733, -0.98933, 1.557809, -0.005978, 0.998923, 0.046005, 0.749854, 0.0, 0.0, 0.0, 1.0],
                [0.991243, 0.011666, -0.131533, 0.000361, -0.131893, 0.038917, -0.9905, 1.553545, -0.006436, 0.999174, 0.040115, 0.751047, 0.0, 0.0, 0.0, 1.0],
                [0.99203, 0.011163, -0.125503, 0.000316, -0.125814, 0.0339, -0.991474, 1.549203, -0.006813, 0.999363, 0.035035, 0.752108, 0.0, 0.0, 0.0, 1.0],
                [0.992675, 0.010768, -0.12033, 0.000275, -0.120601, 0.029522, -0.992262, 1.544822, -0.007132, 0.999506, 0.030605, 0.753043, 0.0, 0.0, 0.0, 1.0],
                [0.993171, 0.010464, -0.116201, 0.000237, -0.116435, 0.025623, -0.992868, 1.540441, -0.007412, 0.999617, 0.026666, 0.753863, 0.0, 0.0, 0.0, 1.0],
                [0.993554, 0.010219, -0.1129, 0.000202, -0.113103, 0.022068, -0.993338, 1.536099, -0.007659, 0.999704, 0.023082, 0.754573, 0.0, 0.0, 0.0, 1.0],
                [0.993873, 0.010008, -0.11007, 0.000169, -0.110243, 0.01883, -0.993726, 1.531835, -0.007872, 0.999773, 0.019817, 0.755182, 0.0, 0.0, 0.0, 1.0],
                [0.994138, 0.009826, -0.107673, 0.00014, -0.10782, 0.015898, -0.994043, 1.527688, -0.008055, 0.999825, 0.016864, 0.755697, 0.0, 0.0, 0.0, 1.0],
                [0.994354, 0.00967, -0.105674, 0.000114, -0.105797, 0.013266, -0.994299, 1.523697, -0.008213, 0.999865, 0.014214, 0.756127, 0.0, 0.0, 0.0, 1.0],
                [0.994528, 0.009536, -0.104038, 9.1e-05, -0.10414, 0.010924, -0.994503, 1.519901, -0.008347, 0.999895, 0.011858, 0.756478, 0.0, 0.0, 0.0, 1.0],
                [0.994665, 0.009422, -0.102729, 7e-05, -0.102812, 0.008865, -0.994661, 1.516339, -0.008461, 0.999916, 0.009787, 0.75676, 0.0, 0.0, 0.0, 1.0],
                [0.99477, 0.009327, -0.10171, 5.2e-05, -0.101777, 0.007081, -0.994782, 1.51305, -0.008558, 0.999931, 0.007993, 0.75698, 0.0, 0.0, 0.0, 1.0],
                [0.994849, 0.009247, -0.100944, 3.6e-05, -0.100998, 0.005562, -0.994871, 1.510073, -0.008638, 0.999942, 0.006467, 0.757144, 0.0, 0.0, 0.0, 1.0],
                [0.994905, 0.009182, -0.100397, 2.4e-05, -0.100439, 0.004301, -0.994934, 1.507447, -0.008703, 0.999949, 0.005201, 0.757263, 0.0, 0.0, 0.0, 1.0],
                [0.994942, 0.00913, -0.100031, 1.3e-05, -0.100064, 0.003288, -0.994976, 1.505211, -0.008755, 0.999953, 0.004185, 0.757342, 0.0, 0.0, 0.0, 1.0],
                [0.994965, 0.009091, -0.099809, 5e-06, -0.099836, 0.002515, -0.995001, 1.503404, -0.008794, 0.999956, 0.00341, 0.75739, 0.0, 0.0, 0.0, 1.0],
                [0.994977, 0.009064, -0.099696, -0.0, -0.099718, 0.001973, -0.995014, 1.502065, -0.008822, 0.999957, 0.002867, 0.757414, 0.0, 0.0, 0.0, 1.0],
                [0.994981, 0.009048, -0.099655, -4e-06, -0.099674, 0.001655, -0.995019, 1.501233, -0.008838, 0.999958, 0.002549, 0.757424, 0.0, 0.0, 0.0, 1.0],
                [0.994981, 0.009043, -0.09965, -5e-06, -0.099668, 0.001551, -0.995019, 1.500947, -0.008843, 0.999958, 0.002444, 0.757425, 0.0, 0.0, 0.0, 1.0]
            ]
        },
        {
            "name": "Thigh_R",
            "time": [0.0, 0.0167, 0.0333, 0.05, 0.0667, 0.0833, 0.1, 0.1167, 0.1333, 0.15, 0.1667, 0.1833, 0.2, 0.2167, 0.2333, 0.25, 0.2667, 0.2833, 0.3, 0.3167, 0.3333, 0.35, 0.3667, 0.3833, 0.4, 0.4167, 0.4333, 0.45, 0.4667, 0.4833, 0.5, 0.5167, 0.5333, 0.55, 0.5667, 0.5833, 0.6, 0.6167, 0.6333, 0.65, 0.6667, 0.6833, 0.7, 0.7167, 0.7333, 0.75, 0.7667, 0.7833, 0.8, 0.8167, 0.8333, 0.85, 0.8667, 0.8833, 0.9, 0.9167, 0.9333, 0.95, 0.9667, 0.9833, 1.0, 1.0167, 1.0333, 1.05, 1.0667, 1.0833, 1.1, 1.1167, 1.1333, 1.15, 1.1667, 1.1833, 1.2, 1.2167, 1.2333, 1.25, 1.2667, 1.2833, 1.3, 1.3167, 1.3333, 1.35, 1.3667, 1.3833, 1.4, 1.4167, 1.4333, 1.45, 1.4667, 1.4833, 1.5, 1.5167, 1.5333, 1.55, 1.5667, 1.5833, 1.6, 1.6167, 1.6333, 1.65, 1.6667, 1.6833, 1.7, 1.7167, 1.7333, 1.75, 1.7667, 1.7833, 1.8, 1.8167, 1.8333, 1.85, 1.8667, 1.8833, 1.9, 1.9167, 1.9333, 1.95, 1.9667],
            "transform": [
                [0.919677, 0.234022, -0.315324, 0.124994, 0.375498, -0.759032, 0.531857, -0.002831, -0.114875, -0.60754, -0.785938, -1.2e-05, 0.0, 0.0, 0.0, 1.0],
                [0.908137, 0.176906, -0.379463, 0.124994, 0.374692, -0.747795, 0.548095, -0.002831, -0.1868, -0.639927, -0.745385, -1.2e-05, 0.0, 0.0, 0.0, 1.0],
                [0.893709, 0.14388, -0.424951, 0.124994, 0.367343, -0.778457, 0.508985, -0.002831, -0.257573, -0.610987, -0.748566, -1.2e-05, 0.0, 0.0, 0.0, 1.0],
                [0.893996, 0.147947, -0.422945, 0.124994, 0.339629, -0.839442, 0.424251, -0.002831, -0.292271, -0.522923, -0.800705, -1.2e-05, 0.0, 0.0, 0.0, 1.0],
                [0.915342, 0.182382, -0.359006, 0.124994, 0.304093, -0.897511, 0.319379, -0.002831, -0.263962, -0.401512, -0.87699, -1.2e-05, 0.0, 0.0, 0.0, 1.0],
                [0.946623, 0.228836, -0.227019, 0.124994, 0.282682, -0.927789, 0.243511, -0.002831, -0.154902, -0.294688, -0.942955, -1.2e-05, 0.0, 0.0, 0.0, 1.0],
                [0.95082, 0.308369, 0.029153, 0.124994, 0.289987, -0.919297, 0.266084, -0.002831, 0.108853, -0.244544, -0.963509, -1.2e-05, 0.0, 0.0, 0.0, 1.0],
                [0.847995, 0.410674, 0.335039, 0.124994, 0.289005, -0.888187, 0.357212, -0.002831, 0.444275, -0.206086, -0.871865, -1.2e-05, 0.0, 0.0, 0.0, 1.0],
                [0.709846, 0.464768, 0.529253, 0.124994, 0.255164, -0.870043, 0.421803, -0.002831, 0.656513, -0.164369, -0.736188, -1.2e-05, 0.0, 0.0, 0.0, 1.0],
                [0.643525, 0.449098, 0.619828, 0.124994, 0.214209, -0.883092, 0.417448, -0.002831, 0.73484, -0.135866, -0.664493, -1.2e-05, 0.0, 0.0, 0.0, 1.0],
                [0.650957, 0.395904, 0.6477, 0.124994, 0.182256, -0.909784, 0.372929, -0.002831, 0.736911, -0.124713, -0.664386, -1.2e-05, 0.0, 0.0, 0.0, 1.0],
                [0.695401, 0.35624, 0.624107, 0.124994, 0.173557, -0.926026, 0.335192, -0.002831, 0.697348, -0.124775, -0.705788, -1.2e-05, 0.0, 0.0, 0.0, 1.0],
                [0.750819, 0.365175, 0.55038, 0.124994, 0.201253, -0.920126, 0.335954, -0.002831, 0.629101, -0.141475, -0.76434, -1.2e-05, 0.0, 0.0, 0.0, 1.0],
                [0.792637, 0.43793, 0.424198, 0.124994, 0.262924, -0.873257, 0.410237, -0.002831, 0.550089, -0.213637, -0.807318, -1.2e-05, 0.0, 0.0, 0.0, 1.0],
                [0.808258, 0.548791, 0.21342, 0.124994, 0.341502, -0.732155, 0.589344, -0.002831, 0.479683, -0.403459, -0.779183, -1.2e-05, 0.0, 0.0, 0.0, 1.0],
                [0.838312, 0.545024, -0.013479, 0.124994, 0.37302, -0.555367, 0.743252, -0.002831, 0.397605, -0.628105, -0.668876, -1.2e-05, 0.0, 0.0, 0.0, 1.0],
                [0.877632, 0.462666, -0.125306, 0.124994, 0.355302, -0.452442, 0.817959, -0.002831, 0.321748, -0.762389, -0.561464, -1.2e-05, 0.0, 0.0, 0.0, 1.0],
                [0.898335, 0.412963, -0.149853, 0.124994, 0.324692, -0.394359, 0.859684, -0.002831, 0.295921, -0.82094, -0.488352, -1.2e-05, 0.0, 0.0, 0.0, 1.0],
                [0.907063, 0.402079, -0.124775, 0.124994, 0.283598, -0.364534, 0.886954, -0.002831, 0.311141, -0.83991, -0.444684, -1.2e-05, 0.0, 0.0, 0.0, 1.0],
                [0.906591, 0.414486, -0.079333, 0.124994, 0.238226, -0.34748, 0.906921, -0.002831, 0.348339, -0.841107, -0.413763, -1.2e-05, 0.0, 0.0, 0.0, 1.0],
                [0.90342, 0.426786, -0.041056, 0.124994, 0.197298, -0.328796, 0.923562, -0.002831, 0.380664, -0.842465, -0.381245, -1.2e-05, 0.0, 0.0, 0.0, 1.0],
                [0.910099, 0.412785, -0.03646, 0.124994, 0.171145, -0.294287, 0.940269, -0.002831, 0.377399, -0.861977, -0.338476, -1.2e-05, 0.0, 0.0, 0.0, 1.0],
                [0.926789, 0.365187, -0.087758, 0.124994, 0.185466, -0.241806, 0.952435, -0.002831, 0.326596, -0.898982, -0.291833, -1.2e-05, 0.0, 0.0, 0.0, 1.0],
                [0.937896, 0.292326, -0.186806, 0.124994, 0.246682, -0.183352, 0.951593, -0.002831, 0.243924, -0.938577, -0.244077, -1.2e-05, 0.0, 0.0, 0.0, 1.0],
                [0.932603, 0.190188, -0.306727, 0.124994, 0.333827, -0.131596, 0.933403, -0.002831, 0.137158, -0.972888, -0.186216, -1.2e-05, 0.0, 0.0, 0.0, 1.0],
                [0.907324, 0.058962, -0.416278, 0.124994, 0.420319, -0.104207, 0.901373, -0.002831, 0.009768, -0.992806, -0.119333, -1.2e-05, 0.0, 0.0, 0.0, 1.0],
                [0.887835, -0.129192, -0.441654, 0.124994, 0.425985, -0.132232, 0.895015, -0.002831, -0.174029, -0.982764, -0.062367, -1.2e-05, 0.0, 0.0, 0.0, 1.0],
                [0.938932, -0.21544, -0.268313, 0.124994, 0.205018, -0.275987, 0.939041, -0.002831, -0.276358, -0.936705, -0.214964, -1.2e-05, 0.0, 0.0, 0.0, 1.0],
                [0.995944, -0.085808, -0.027037, 0.124994, -0.029884, -0.598989, 0.800199, -0.002831, -0.084859, -0.796146, -0.599124, -1.2e-05, 0.0, 0.0, 0.0, 1.0],
                [0.984869, 0.056475, 0.163836, 0.124994, -0.022893, -0.894724, 0.446032, -0.002831, 0.171778, -0.443034, -0.879894, -1.2e-05, 0.0, 0.0, 0.0, 1.0],
                [0.9352, 0.173649, 0.308621, 0.124994, 0.144782, -0.982841, 0.114281, -0.002831, 0.32317, -0.062193, -0.944295, -1.2e-05, 0.0, 0.0, 0.0, 1.0],
                [0.873486, 0.304927, 0.37953, 0.124994, 0.328274, -0.944577, 0.003385, -0.00283, 0.359527, 0.121633, -0.925173, -1.2e-05, 0.0, 0.0, 0.0, 1.0],
                [0.84723, 0.384813, 0.366225, 0.124994, 0.412015, -0.911167, 0.004253, -0.002831, 0.335329, 0.147287, -0.930517, -1.2e-05, 0.0, 0.0, 0.0, 1.0],
                [0.835007, 0.449843, 0.316867, 0.124994, 0.460909, -0.886369, 0.043755, -0.00283, 0.300544, 0.109511, -0.94746, -1.2e-05, 0.0, 0.0, 0.0, 1.0],
                [0.833102, 0.493626, 0.249546, 0.124994, 0.482181, -0.86919, 0.109593, -0.002831, 0.271001, 0.029025, -0.962141, -1.2e-05, 0.0, 0.0, 0.0, 1.0],
                [0.838829, 0.513503, 0.180779, 0.124994, 0.482932, -0.855176, 0.188288, -0.002831, 0.251284, -0.070637, -0.965333, -1.2e-05, 0.0, 0.0, 0.0, 1.0],
                [0.847658, 0.515494, 0.125466, 0.124994, 0.472765, -0.841241, 0.262309, -0.002831, 0.240766, -0.163032, -0.956793, -1.2e-05, 0.0, 0.0, 0.0, 1.0],
                [0.853662, 0.512167, 0.094581, 0.124994, 0.463264, -0.829674, 0.311492, -0.002831, 0.238008, -0.222093, -0.94553, -1.2e-05, 0.0, 0.0, 0.0, 1.0],
                [0.855943, 0.51065, 0.081231, 0.124994, 0.457624, -0.821265, 0.34074, -0.002831, 0.240711, -0.254481, -0.936641, -1.2e-05, 0.0, 0.0, 0.0, 1.0],
                [0.857255, 0.509678, 0.073097, 0.124994, 0.451705, -0.812575, 0.368353, -0.002831, 0.247138, -0.282754, -0.926808, -1.2e-05, 0.0, 0.0, 0.0, 1.0],
                [0.857496, 0.509642, 0.070469, 0.124994, 0.445471, -0.80399, 0.393897, -0.002831, 0.257403, -0.306372, -0.916449, -1.2e-05, 0.0, 0.0, 0.0, 1.0],
                [0.856491, 0.5109, 0.073519, 0.124994, 0.438906, -0.795827, 0.417158, -0.002831, 0.271635, -0.325024, -0.905855, -1.2e-05, 0.0, 0.0, 0.0, 1.0],
                [0.853981, 0.513742, 0.082375, 0.124994, 0.43201, -0.788355, 0.438022, -0.002831, 0.289971, -0.338476, -0.895182, -1.2e-05, 0.0, 0.0, 0.0, 1.0],
                [0.849614, 0.518378, 0.097158, 0.124994, 0.424814, -0.781808, 0.45641, -0.002831, 0.312552, -0.346499, -0.884449, -1.2e-05, 0.0, 0.0, 0.0, 1.0],
                [0.842311, 0.525805, 0.118494, 0.124994, 0.417504, -0.775533, 0.473539, -0.002831, 0.340885, -0.349395, -0.872766, -1.2e-05, 0.0, 0.0, 0.0, 1.0],
                [0.83159, 0.535931, 0.14573, 0.124994, 0.410102, -0.769479, 0.489611, -0.002831, 0.374534, -0.347392, -0.859676, -1.2e-05, 0.0, 0.0, 0.0, 1.0],
                [0.818169, 0.547053, 0.177008, 0.124994, 0.402395, -0.764681, 0.50333, -0.002831, 0.410703, -0.340582, -0.84577, -1.2e-05, 0.0, 0.0, 0.0, 1.0],
                [0.803221, 0.557257, 0.210478, 0.124994, 0.39412, -0.7621, 0.513686, -0.002831, 0.446661, -0.32965, -0.831761, -1.2e-05, 0.0, 0.0, 0.0, 1.0],
                [0.787119, 0.566453, 0.244079, 0.124994, 0.385745, -0.76086, 0.521817, -0.002831, 0.481295, -0.31658, -0.817394, -1.2e-05, 0.0, 0.0, 0.0, 1.0],
                [0.769309, 0.575785, 0.27683, 0.124994, 0.377909, -0.759495, 0.529483, -0.002831, 0.515119, -0.30272, -0.801881, -1.2e-05, 0.0, 0.0, 0.0, 1.0],
                [0.749957, 0.585086, 0.30861, 0.124994, 0.370558, -0.758059, 0.536687, -0.002831, 0.547953, -0.288134, -0.78532, -1.2e-05, 0.0, 0.0, 0.0, 1.0],
                [0.729247, 0.59419, 0.339317, 0.124994, 0.363644, -0.756617, 0.54341, -0.002831, 0.579622, -0.27289, -0.767834, -1.2e-05, 0.0, 0.0, 0.0, 1.0],
                [0.707395, 0.602937, 0.368862, 0.124994, 0.357126, -0.755239, 0.549614, -0.002831, 0.609962, -0.257064, -0.749577, -1.2e-05, 0.0, 0.0, 0.0, 1.0],
                [0.684639, 0.611165, 0.397174, 0.124994, 0.350981, -0.754005, 0.555238, -0.002831, 0.638813, -0.240738, -0.730728, -1.2e-05, 0.0, 0.0, 0.0, 1.0],
                [0.66125, 0.618718, 0.424189, 0.124994, 0.345196, -0.752999, 0.560207, -0.002831, 0.666024, -0.224009, -0.7115, -1.2e-05, 0.0, 0.0, 0.0, 1.0],
                [0.637527, 0.625447, 0.449861, 0.124994, 0.339779, -0.752313, 0.564426, -0.002831, 0.691455, -0.206984, -0.692133, -1.2e-05, 0.0, 0.0, 0.0, 1.0],
                [0.613799, 0.631209, 0.474157, 0.124994, 0.334755, -0.752036, 0.567785, -0.002831, 0.714975, -0.18978, -0.6729, -1.2e-05, 0.0, 0.0, 0.0, 1.0],
                [0.590421, 0.635873, 0.497061, 0.124994, 0.330167, -0.752264, 0.570165, -0.002831, 0.736474, -0.172524, -0.654096, -1.2e-05, 0.0, 0.0, 0.0, 1.0],
                [0.567767, 0.639314, 0.518573, 0.124994, 0.32607, -0.75309, 0.571432, -0.002831, 0.755857, -0.155349, -0.636041, -1.2e-05, 0.0, 0.0, 0.0, 1.0],
                [0.54623, 0.641421, 0.538713, 0.124994, 0.322532, -0.754605, 0.57144, -0.002831, 0.773049, -0.138386, -0.619067, -1.2e-05, 0.0, 0.0, 0.0, 1.0],
                [0.52621, 0.642091, 0.557514, 0.124994, 0.319625, -0.756896, 0.570042, -0.002831, 0.788, -0.121766, -0.603514, -1.2e-05, 0.0, 0.0, 0.0, 1.0],
                [0.508103, 0.641231, 0.575024, 0.124994, 0.317416, -0.760045, 0.567079, -0.00283, 0.800673, -0.105613, -0.589719, -1.2e-05, 0.0, 0.0, 0.0, 1.0],
                [0.492303, 0.638749, 0.591301, 0.124994, 0.315965, -0.764129, 0.562381, -0.002831, 0.811051, -0.090031, -0.578005, -1.2e-05, 0.0, 0.0, 0.0, 1.0],
                [0.479178, 0.634559, 0.606402, 0.124994, 0.315307, -0.769216, 0.555777, -0.002831, 0.819127, -0.075113, -0.568672, -1.2e-05, 0.0, 0.0, 0.0, 1.0],
                [0.467486, 0.629253, 0.620884, 0.124994, 0.315198, -0.774845, 0.547965, -0.002831, 0.825897, -0.060465, -0.560568, -1.2e-05, 0.0, 0.0, 0.0, 1.0],
                [0.455973, 0.623314, 0.63527, 0.124994, 0.315497, -0.780643, 0.539499, -0.002831, 0.832196, -0.045572, -0.552606, -1.2e-05, 0.0, 0.0, 0.0, 1.0],
                [0.444987, 0.616466, 0.649581, 0.124994, 0.316367, -0.786797, 0.529964, -0.002831, 0.837794, -0.030321, -0.545144, -1.2e-05, 0.0, 0.0, 0.0, 1.0],
                [0.434888, 0.608412, 0.663858, 0.124994, 0.317963, -0.793488, 0.518919, -0.002831, 0.84248, -0.01459, -0.53853, -1.2e-05, 0.0, 0.0, 0.0, 1.0],
                [0.426052, 0.598821, 0.678154, 0.124994, 0.320424, -0.800881, 0.505884, -0.002831, 0.846055, 0.001764, -0.533094, -1.2e-05, 0.0, 0.0, 0.0, 1.0],
                [0.418896, 0.587464, 0.692396, 0.124994, 0.323835, -0.809033, 0.490507, -0.002831, 0.848326, 0.018751, -0.529142, -1.2e-05, 0.0, 0.0, 0.0, 1.0],
                [0.413975, 0.574711, 0.705926, 0.124994, 0.328075, -0.817577, 0.473217, -0.002831, 0.849112, 0.035696, -0.527005, -1.2e-05, 0.0, 0.0, 0.0, 1.0],
                [0.411879, 0.561197, 0.717923, 0.124994, 0.332973, -0.826062, 0.454699, -0.002831, 0.848224, 0.051768, -0.527101, -1.2e-05, 0.0, 0.0, 0.0, 1.0],
                [0.413206, 0.547686, 0.727531, 0.124994, 0.338352, -0.834068, 0.435717, -0.002831, 0.845446, 0.06612, -0.529952, -1.2e-05, 0.0, 0.0, 0.0, 1.0],
                [0.418559, 0.53506, 0.733839, 0.124994, 0.344026, -0.841218, 0.417131, -0.002831, 0.840508, 0.077866, -0.536175, -1.2e-05, 0.0, 0.0, 0.0, 1.0],
                [0.428552, 0.524232, 0.735883, 0.124994, 0.349796, -0.847216, 0.399836, -0.002831, 0.833058, 0.086058, -0.54645, -1.2e-05, 0.0, 0.0, 0.0, 1.0],
                [0.443805, 0.516031, 0.732632, 0.124994, 0.355436, -0.851863, 0.384701, -0.002831, 0.822619, 0.089672, -0.561477, -1.2e-05, 0.0, 0.0, 0.0, 1.0],
                [0.464923, 0.511001, 0.722997, 0.124994, 0.360686, -0.855103, 0.372432, -0.002831, 0.80855, 0.087622, -0.581868, -1.2e-05, 0.0, 0.0, 0.0, 1.0],
                [0.492473, 0.509179, 0.705838, 0.124994, 0.365229, -0.857044, 0.363432, -0.002831, 0.789987, 0.078812, -0.608038, -1.2e-05, 0.0, 0.0, 0.0, 1.0],
                [0.529008, 0.507425, 0.680199, 0.124994, 0.364261, -0.859718, 0.35805, -0.002831, 0.766463, 0.058359, -0.639632, -1.2e-05, 0.0, 0.0, 0.0, 1.0],
                [0.574845, 0.500992, 0.646962, 0.124994, 0.354072, -0.865096, 0.355306, -0.002831, 0.73769, 0.024825, -0.674683, -1.2e-05, 0.0, 0.0, 0.0, 1.0],
                [0.626628, 0.487363, 0.608124, 0.124994, 0.336078, -0.873034, 0.353362, -0.002831, 0.703128, -0.01705, -0.710859, -1.2e-05, 0.0, 0.0, 0.0, 1.0],
                [0.680706, 0.465197, 0.56589, 0.124994, 0.312026, -0.883029, 0.350571, -0.002831, 0.662781, -0.062064, -0.746236, -1.2e-05, 0.0, 0.0, 0.0, 1.0],
                [0.733665, 0.434692, 0.522282, 0.124994, 0.284011, -0.894423, 0.345463, -0.002831, 0.617311, -0.105121, -0.779664, -1.2e-05, 0.0, 0.0, 0.0, 1.0],
                [0.782824, 0.39743, 0.478787, 0.124994, 0.254293, -0.906597, 0.336773, -0.002831, 0.56791, -0.141882, -0.81077, -1.2e-05, 0.0, 0.0, 0.0, 1.0],
                [0.826487, 0.355986, 0.436111, 0.124994, 0.225005, -0.919002, 0.323743, -0.002831, 0.516034, -0.169442, -0.839642, -1.2e-05, 0.0, 0.0, 0.0, 1.0],
                [0.863913, 0.31353, 0.394149, 0.124994, 0.197897, -0.930975, 0.306794, -0.002831, 0.463132, -0.187042, -0.866328, -1.2e-05, 0.0, 0.0, 0.0, 1.0],
                [0.895057, 0.273627, 0.352138, 0.124994, 0.174213, -0.94143, 0.288722, -0.002831, 0.410516, -0.197076, -0.890303, -1.2e-05, 0.0, 0.0, 0.0, 1.0],
                [0.920272, 0.240152, 0.308912, 0.124994, 0.154704, -0.948483, 0.27649, -0.002831, 0.359397, -0.206656, -0.910015, -1.2e-05, 0.0, 0.0, 0.0, 1.0],
                [0.940072, 0.216618, 0.263326, 0.124994, 0.139736, -0.949192, 0.281971, -0.002831, 0.311027, -0.228277, -0.922579, -1.2e-05, 0.0, 0.0, 0.0, 1.0],
                [0.954231, 0.199692, 0.222636, 0.124994, 0.13216, -0.949351, 0.285073, -0.002831, 0.268286, -0.242602, -0.932291, -1.2e-05, 0.0, 0.0, 0.0, 1.0],
                [0.963202, 0.187996, 0.192094, 0.124994, 0.135024, -0.956404, 0.258961, -0.002831, 0.232403, -0.223494, -0.946594, -1.2e-05, 0.0, 0.0, 0.0, 1.0],
                [0.968891, 0.18078, 0.169023, 0.124994, 0.141794, -0.965238, 0.219569, -0.002831, 0.202841, -0.188772, -0.960843, -1.2e-05, 0.0, 0.0, 0.0, 1.0],
                [0.972824, 0.174994, 0.151626, 0.124994, 0.14628, -0.972096, 0.183387, -0.002831, 0.179486, -0.156224, -0.971277, -1.2e-05, 0.0, 0.0, 0.0, 1.0],
                [0.975533, 0.170249, 0.139109, 0.124994, 0.14911, -0.977313, 0.150422, -0.002831, 0.161562, -0.125999, -0.978787, -1.2e-05, 0.0, 0.0, 0.0, 1.0],
                [0.977397, 0.166208, 0.130652, 0.124994, 0.150753, -0.981205, 0.120458, -0.002831, 0.148217, -0.098039, -0.984083, -1.2e-05, 0.0, 0.0, 0.0, 1.0],
                [0.978687, 0.16264, 0.125377, 0.124994, 0.151548, -0.984019, 0.093495, -0.002831, 0.13858, -0.072501, -0.987694, -1.2e-05, 0.0, 0.0, 0.0, 1.0],
                [0.979597, 0.159337, 0.122477, 0.124994, 0.15173, -0.985998, 0.069176, -0.002831, 0.131784, -0.049181, -0.990058, -1.2e-05, 0.0, 0.0, 0.0, 1.0],
                [0.980274, 0.156192, 0.121112, 0.124994, 0.151453, -0.987325, 0.047447, -0.002831, 0.126988, -0.028168, -0.991504, -1.2e-05, 0.0, 0.0, 0.0, 1.0],
                [0.980833, 0.153109, 0.120521, 0.124994, 0.150819, -0.988166, 0.027949, -0.002831, 0.123374, -0.009236, -0.992318, -1.2e-05, 0.0, 0.0, 0.0, 1.0],
                [0.981362, 0.150076, 0.120024, 0.124994, 0.149896, -0.988645, 0.010578, -0.002831, 0.120248, 0.007611, -0.992715, -1.2e-05, 0.0, 0.0, 0.0, 1.0],
                [0.981891, 0.147143, 0.119328, 0.124994, 0.148758, -0.988862, -0.004695, -0.002831, 0.117308, 0.022361, -0.992844, -1.2e-05, 0.0, 0.0, 0.0, 1.0],
                [0.982433, 0.144348, 0.118273, 0.124994, 0.147474, -0.988901, -0.01808, -0.002831, 0.11435, 0.035204, -0.992816, -1.2e-05, 0.0, 0.0, 0.0, 1.0],
                [0.983002, 0.141772, 0.11665, 0.124994, 0.146106, -0.988831, -0.029445, -0.002831, 0.111173, 0.045988, -0.992736, -1.2e-05, 0.0, 0.0, 0.0, 1.0],
                [0.983609, 0.139493, 0.114258, 0.124994, 0.144707, -0.98872, -0.038651, -0.002831, 0.107578, 0.054551, -0.992699, -1.2e-05, 0.0, 0.0, 0.0, 1.0],
                [0.984263, 0.1376, 0.110873, 0.124994, 0.143323, -0.988635, -0.04538, -0.002831, 0.103369, 0.060556, -0.992798, -1.2e-05, 0.0, 0.0, 0.0, 1.0],
                [0.984931, 0.13612, 0.106684, 0.124994, 0.14198, -0.988638, -0.049365, -0.002831, 0.098753, 0.063768, -0.993067, -1.2e-05, 0.0, 0.0, 0.0, 1.0],
                [0.985573, 0.134981, 0.102106, 0.124994, 0.140681, -0.98875, -0.050818, -0.002831, 0.094097, 0.06445, -0.993475, -1.2e-05, 0.0, 0.0, 0.0, 1.0],
                [0.986182, 0.134171, 0.09718, 0.124994, 0.139441, -0.988988, -0.049598, -0.002831, 0.089455, 0.062464, -0.99403, -1.2e-05, 0.0, 0.0, 0.0, 1.0],
                [0.986751, 0.133613, 0.092035, 0.124994, 0.138269, -0.989317, -0.046191, -0.002831, 0.08488, 0.058305, -0.994684, -1.2e-05, 0.0, 0.0, 0.0, 1.0],
                [0.987276, 0.1332, 0.086855, 0.124994, 0.137176, -0.989677, -0.041514, -0.002831, 0.080428, 0.0529, -0.995356, -1.2e-05, 0.0, 0.0, 0.0, 1.0],
                [0.987753, 0.132886, 0.081756, 0.124994, 0.136171, -0.990032, -0.035976, -0.002831, 0.07616, 0.046668, -0.996002, -1.2e-05, 0.0, 0.0, 0.0, 1.0],
                [0.988181, 0.132612, 0.076897, 0.124994, 0.13526, -0.990347, -0.030292, -0.002831, 0.072137, 0.040335, -0.996579, -1.2e-05, 0.0, 0.0, 0.0, 1.0],
                [0.988555, 0.132377, 0.072355, 0.124994, 0.134451, -0.990615, -0.024571, -0.002831, 0.068424, 0.034018, -0.997076, -1.2e-05, 0.0, 0.0, 0.0, 1.0],
                [0.988876, 0.132156, 0.068265, 0.124994, 0.13375, -0.990827, -0.019315, -0.002831, 0.065086, 0.028231, -0.99748, -1.2e-05, 0.0, 0.0, 0.0, 1.0],
                [0.989141, 0.131961, 0.0647, 0.124994, 0.133162, -0.990987, -0.014585, -0.002831, 0.062192, 0.023042, -0.997798, -1.2e-05, 0.0, 0.0, 0.0, 1.0],
                [0.989351, 0.1318, 0.061756, 0.124994, 0.132692, -0.9911, -0.010567, -0.002831, 0.059814, 0.018649, -0.998035, -1.2e-05, 0.0, 0.0, 0.0, 1.0],
                [0.989504, 0.131682, 0.059517, 0.124994, 0.132348, -0.991176, -0.007368, -0.002831, 0.058022, 0.015168, -0.9982, -1.2e-05, 0.0, 0.0, 0.0, 1.0],
                [0.989598, 0.131606, 0.058106, 0.124994, 0.132135, -0.991217, -0.005353, -0.002831, 0.056891, 0.012975, -0.998296, -1.2e-05, 0.0, 0.0, 0.0, 1.0],
