{
    "animation": [
        {
            "name": "Root",
            "time": [0.0, 0.0167, 0.0333, 0.05, 0.0667, 0.0833, 0.1, 0.1167, 0.1333, 0.15, 0.1667, 0.1833, 0.2, 0.2167, 0.2333, 0.25, 0.2667, 0.2833, 0.3, 0.3167, 0.3333, 0.35, 0.3667, 0.3833, 0.4, 0.4167, 0.4333, 0.45, 0.4667, 0.4833, 0.5, 0.5167, 0.5333, 0.55, 0.5667, 0.5833, 0.6, 0.6167, 0.6333, 0.65, 0.6667, 0.6833, 0.7, 0.7167, 0.7333, 0.75, 0.7667, 0.7833, 0.8, 0.8167, 0.8333, 0.85, 0.8667, 0.8833, 0.9, 0.9167, 0.9333, 0.95, 0.9667, 0.9833, 1.0, 1.0167, 1.0333, 1.05, 1.0667, 1.0833, 1.1, 1.1167, 1.1333, 1.15, 1.1667, 1.1833, 1.2, 1.2167, 1.2333, 1.25, 1.2667, 1.2833, 1.3, 1.3167, 1.3333, 1.35, 1.3667, 1.3833, 1.4, 1.4167, 1.4333, 1.45, 1.4667, 1.4833, 1.5, 1.5167, 1.5333, 1.55, 1.5667, 1.5833, 1.6, 1.6167, 1.6333, 1.65],
            "transform": [
                [0.98211, 0.029272, -0.18602, -0.003952, -0.186773, 0.025511, -0.982072, 0.009337, -0.024001, 0.999246, 0.030522, 0.740892, 0.0, 0.0, 0.0, 1.0],
                [0.917946, 0.077934, -0.388974, -0.014531, -0.394544, 0.07716, -0.915632, 0.032335, -0.041346, 0.993968, 0.101577, 0.701797, 0.0, 0.0, 0.0, 1.0],
                [0.782636, 0.129292, -0.608904, -0.029846, -0.622121, 0.129292, -0.772172, 0.066676, -0.02111, 0.983141, 0.181624, 0.655895, 0.0, 0.0, 0.0, 1.0],
                [0.618991, 0.169001, -0.767, -0.048004, -0.784943, 0.166345, -0.596819, 0.109098, 0.026724, 0.971477, 0.235622, 0.616225, 0.0, 0.0, 0.0, 1.0],
                [0.465506, 0.204497, -0.861095, -0.067109, -0.882174, 0.185505, -0.432847, 0.15634, 0.071222, 0.961129, 0.266756, 0.584969, 0.0, 0.0, 0.0, 1.0],
                [0.340397, 0.231854, -0.911248, -0.085267, -0.934226, 0.193203, -0.299823, 0.205137, 0.10654, 0.953371, 0.28237, 0.561589, 0.0, 0.0, 0.0, 1.0],
                [0.250492, 0.250316, -0.935198, -0.100583, -0.959219, 0.194851, -0.204772, 0.252228, 0.130967, 0.948354, 0.288916, 0.545552, 0.0, 0.0, 0.0, 1.0],
                [0.197012, 0.260583, -0.945136, -0.111162, -0.969643, 0.194214, -0.148573, 0.29435, 0.144843, 0.945715, 0.290935, 0.536322, 0.0, 0.0, 0.0, 1.0],
                [0.179359, 0.263761, -0.947766, -0.115109, -0.972401, 0.19366, -0.130126, 0.32824, 0.149222, 0.944948, 0.291216, 0.533365, 0.0, 0.0, 0.0, 1.0],
                [0.180327, 0.262858, -0.947833, -0.115107, -0.972153, 0.19426, -0.13108, 0.351865, 0.14967, 0.945076, 0.290569, 0.533587, 0.0, 0.0, 0.0, 1.0],
                [0.182592, 0.260319, -0.948101, -0.115102, -0.971623, 0.195254, -0.133511, 0.368112, 0.150365, 0.945574, 0.288584, 0.534291, 0.0, 0.0, 0.0, 1.0],
                [0.185204, 0.256357, -0.948673, -0.115097, -0.971127, 0.195469, -0.136767, 0.381097, 0.150375, 0.946611, 0.285157, 0.535538, 0.0, 0.0, 0.0, 1.0],
                [0.187225, 0.25119, -0.949658, -0.115092, -0.970987, 0.193733, -0.140186, 0.394936, 0.148767, 0.948352, 0.280173, 0.537387, 0.0, 0.0, 0.0, 1.0],
                [0.187706, 0.240536, -0.952318, -0.115081, -0.972157, 0.183964, -0.145151, 0.41315, 0.140278, 0.953048, 0.268369, 0.539976, 0.0, 0.0, 0.0, 1.0],
                [0.189773, 0.221352, -0.956551, -0.11503, -0.974202, 0.163641, -0.155408, 0.436876, 0.122131, 0.961366, 0.246696, 0.543763, 0.0, 0.0, 0.0, 1.0],
                [0.198671, 0.195891, -0.96029, -0.114894, -0.975225, 0.136786, -0.173857, 0.466659, 0.097297, 0.971039, 0.218213, 0.549282, 0.0, 0.0, 0.0, 1.0],
                [0.219496, 0.166816, -0.961246, -0.11463, -0.973158, 0.107305, -0.203594, 0.50304, 0.069183, 0.980132, 0.185891, 0.557069, 0.0, 0.0, 0.0, 1.0],
                [0.256881, 0.137167, -0.95666, -0.114195, -0.965545, 0.079089, -0.247927, 0.546562, 0.041653, 0.987386, 0.152757, 0.567662, 0.0, 0.0, 0.0, 1.0],
                [0.31457, 0.110061, -0.942832, -0.113546, -0.949048, 0.056129, -0.310091, 0.597768, 0.018791, 0.992339, 0.122109, 0.581594, 0.0, 0.0, 0.0, 1.0],
                [0.394804, 0.08813, -0.914529, -0.112639, -0.918755, 0.042675, -0.392515, 0.657202, 0.004435, 0.995194, 0.097818, 0.599403, 0.0, 0.0, 0.0, 1.0],
                [0.497301, 0.072742, -0.864523, -0.111431, -0.867577, 0.04333, -0.495412, 0.725404, 0.001423, 0.996409, 0.084657, 0.621624, 0.0, 0.0, 0.0, 1.0],
                [0.676716, 0.079699, -0.731918, -0.10615, -0.735286, 0.12387, -0.666342, 0.802726, 0.037556, 0.989093, 0.142427, 0.647242, 0.0, 0.0, 0.0, 1.0],
                [0.880696, 0.069353, -0.468577, -0.097779, -0.468523, 0.273125, -0.840172, 0.888739, 0.069712, 0.959475, 0.273034, 0.669042, 0.0, 0.0, 0.0, 1.0],
                [0.985685, 0.020169, -0.167386, -0.093412, -0.163009, 0.367486, -0.915632, 0.982826, 0.043045, 0.92981, 0.365513, 0.678256, 0.0, 0.0, 0.0, 1.0],
                [0.9975, -0.022962, 0.06683, -0.093507, 0.070535, 0.380762, -0.921979, 1.082535, -0.004276, 0.924388, 0.38143, 0.677276, 0.0, 0.0, 0.0, 1.0],
                [0.96584, -0.045253, 0.255156, -0.093684, 0.252904, 0.379271, -0.890052, 1.178094, -0.056496, 0.924178, 0.37776, 0.670411, 0.0, 0.0, 0.0, 1.0],
                [0.890171, -0.048778, 0.453007, -0.09378, 0.434019, 0.393328, -0.810506, 1.257899, -0.138646, 0.918103, 0.3713, 0.651779, 0.0, 0.0, 0.0, 1.0],
                [0.703947, 0.020252, 0.709964, -0.055348, 0.571907, 0.576578, -0.583507, 1.315014, -0.421167, 0.816791, 0.394298, 0.522612, 0.0, 0.0, 0.0, 1.0],
                [0.433053, -0.006011, 0.901349, -0.010022, 0.613694, 0.734375, -0.289951, 1.361162, -0.660185, 0.678717, 0.321712, 0.406684, 0.0, 0.0, 0.0, 1.0],
                [0.2396, -0.056756, 0.969212, -0.002003, 0.705212, 0.696302, -0.133561, 1.405497, -0.667284, 0.715501, 0.206859, 0.427252, 0.0, 0.0, 0.0, 1.0],
                [0.143283, -0.03067, 0.989206, -0.000828, 0.765392, 0.637082, -0.091112, 1.428231, -0.627411, 0.770186, 0.114758, 0.452663, 0.0, 0.0, 0.0, 1.0],
                [0.107013, 0.000847, 0.994258, -0.00063, 0.795638, 0.599616, -0.086146, 1.430806, -0.596246, 0.800287, 0.063493, 0.461188, 0.0, 0.0, 0.0, 1.0],
                [0.081277, 0.026671, 0.996334, -0.000281, 0.816391, 0.571662, -0.0819, 1.432741, -0.571751, 0.820055, 0.024689, 0.467594, 0.0, 0.0, 0.0, 1.0],
                [0.063806, 0.04661, 0.996873, 0.000166, 0.829958, 0.552211, -0.078942, 1.434128, -0.554164, 0.8324, -0.00345, 0.472184, 0.0, 0.0, 0.0, 1.0],
                [0.052495, 0.061049, 0.996753, 0.000654, 0.838214, 0.539847, -0.07721, 1.435058, -0.542808, 0.839546, -0.022832, 0.475262, 0.0, 0.0, 0.0, 1.0],
                [0.045418, 0.070695, 0.996463, 0.00113, 0.842704, 0.532955, -0.076221, 1.435622, -0.536459, 0.843185, -0.035369, 0.477128, 0.0, 0.0, 0.0, 1.0],
                [0.040797, 0.076427, 0.99624, 0.001538, 0.844763, 0.529824, -0.07524, 1.435911, -0.533583, 0.844657, -0.042947, 0.478086, 0.0, 0.0, 0.0, 1.0],
                [0.036952, 0.079192, 0.996174, 0.001823, 0.845625, 0.528707, -0.073397, 1.436018, -0.532497, 0.845102, -0.04743, 0.478439, 0.0, 0.0, 0.0, 1.0],
                [0.032243, 0.079967, 0.996276, 0.00193, 0.846473, 0.527842, -0.069763, 1.436033, -0.531455, 0.845569, -0.050671, 0.47849, 0.0, 0.0, 0.0, 1.0],
                [0.025261, 0.080047, 0.996471, 0.00193, 0.847995, 0.526156, -0.063763, 1.435912, -0.529403, 0.846613, -0.054588, 0.478489, 0.0, 0.0, 0.0, 1.0],
                [0.016083, 0.080079, 0.996659, 0.00193, 0.84998, 0.523851, -0.055806, 1.435554, -0.52657, 0.848037, -0.059641, 0.478486, 0.0, 0.0, 0.0, 1.0],
                [0.005312, 0.080083, 0.996774, 0.00193, 0.852244, 0.521083, -0.046407, 1.434966, -0.523118, 0.849741, -0.065482, 0.478477, 0.0, 0.0, 0.0, 1.0],
                [-0.006444, 0.080073, 0.996768, 0.00193, 0.854617, 0.518002, -0.036088, 1.434158, -0.519218, 0.851623, -0.07177, 0.47846, 0.0, 0.0, 0.0, 1.0],
                [-0.018579, 0.080058, 0.996617, 0.00193, 0.856955, 0.514767, -0.025375, 1.433136, -0.515057, 0.853584, -0.07817, 0.478432, 0.0, 0.0, 0.0, 1.0],
                [-0.030485, 0.080035, 0.996326, 0.00193, 0.859136, 0.511533, -0.014804, 1.431909, -0.510838, 0.855528, -0.084355, 0.47839, 0.0, 0.0, 0.0, 1.0],
                [-0.041555, 0.079994, 0.995929, 0.00193, 0.861072, 0.508459, -0.004912, 1.430484, -0.506782, 0.857362, -0.09001, 0.478332, 0.0, 0.0, 0.0, 1.0],
                [-0.051185, 0.079919, 0.995487, 0.00193, 0.862698, 0.505707, 0.003758, 1.42887, -0.503124, 0.858996, -0.09483, 0.478254, 0.0, 0.0, 0.0, 1.0],
                [-0.058771, 0.079784, 0.995078, 0.00193, 0.863967, 0.503436, 0.010662, 1.427074, -0.500108, 0.860341, -0.098518, 0.478154, 0.0, 0.0, 0.0, 1.0],
                [-0.063714, 0.079562, 0.994792, 0.00193, 0.864843, 0.50181, 0.015257, 1.425104, -0.497982, 0.861311, -0.100781, 0.478029, 0.0, 0.0, 0.0, 1.0],
                [-0.065412, 0.079227, 0.994708, 0.00193, 0.865286, 0.50099, 0.016998, 1.422968, -0.496992, 0.861819, -0.101325, 0.477877, 0.0, 0.0, 0.0, 1.0],
                [-0.065235, 0.078825, 0.994752, 0.001779, 0.865462, 0.500684, 0.017082, 1.420679, -0.49671, 0.862034, -0.100883, 0.477621, 0.0, 0.0, 0.0, 1.0],
                [-0.064738, 0.078455, 0.994814, 0.001352, 0.865576, 0.500494, 0.016856, 1.418263, -0.496576, 0.862178, -0.10031, 0.477206, 0.0, 0.0, 0.0, 1.0],
                [-0.0636, 0.078168, 0.99491, 0.000693, 0.865628, 0.500431, 0.016018, 1.415755, -0.496631, 0.86224, -0.099491, 0.476658, 0.0, 0.0, 0.0, 1.0],
                [-0.061501, 0.078013, 0.995053, -0.000156, 0.865618, 0.500502, 0.014261, 1.413186, -0.496914, 0.862213, -0.098311, 0.476002, 0.0, 0.0, 0.0, 1.0],
                [-0.05812, 0.078045, 0.995254, -0.001153, 0.865538, 0.500715, 0.011281, 1.41059, -0.497459, 0.862086, -0.096652, 0.475266, 0.0, 0.0, 0.0, 1.0],
                [-0.053137, 0.078314, 0.995512, -0.002256, 0.865375, 0.501079, 0.006773, 1.407998, -0.498299, 0.861851, -0.094397, 0.474475, 0.0, 0.0, 0.0, 1.0],
                [-0.04623, 0.078875, 0.995812, -0.003422, 0.865102, 0.501597, 0.000432, 1.405444, -0.499462, 0.861498, -0.091424, 0.473656, 0.0, 0.0, 0.0, 1.0],
                [-0.037076, 0.079784, 0.996123, -0.004609, 0.864672, 0.502273, -0.008046, 1.402959, -0.500968, 0.86102, -0.087609, 0.472835, 0.0, 0.0, 0.0, 1.0],
                [-0.025355, 0.081097, 0.996384, -0.005776, 0.864016, 0.503107, -0.018962, 1.400576, -0.502825, 0.860411, -0.082825, 0.472039, 0.0, 0.0, 0.0, 1.0],
                [-0.010748, 0.082874, 0.996502, -0.006879, 0.863034, 0.504091, -0.032614, 1.398329, -0.505031, 0.859665, -0.076941, 0.471293, 0.0, 0.0, 0.0, 1.0],
                [0.010317, 0.086021, 0.99624, -0.007876, 0.861358, 0.505274, -0.052548, 1.396261, -0.507894, 0.858661, -0.068882, 0.470623, 0.0, 0.0, 0.0, 1.0],
                [0.039818, 0.090602, 0.995091, -0.008725, 0.858579, 0.506329, -0.080456, 1.394467, -0.511133, 0.857568, -0.057628, 0.470057, 0.0, 0.0, 0.0, 1.0],
                [0.075697, 0.09539, 0.992558, -0.009384, 0.854552, 0.506728, -0.113871, 1.393054, -0.513819, 0.856812, -0.043157, 0.46962, 0.0, 0.0, 0.0, 1.0],
                [0.115889, 0.099089, 0.988307, -0.00981, 0.849312, 0.506036, -0.150326, 1.392128, -0.515014, 0.856802, -0.025514, 0.469338, 0.0, 0.0, 0.0, 1.0],
                [0.158327, 0.10033, 0.982276, -0.009961, 0.843179, 0.503923, -0.187378, 1.391795, -0.513791, 0.857902, -0.004811, 0.469239, 0.0, 0.0, 0.0, 1.0],
                [0.201308, 0.097951, 0.974618, -0.009938, 0.836649, 0.50025, -0.223087, 1.392369, -0.509405, 0.860323, 0.018754, 0.469257, 0.0, 0.0, 0.0, 1.0],
                [0.244571, 0.091903, 0.965266, -0.009868, 0.829739, 0.495263, -0.257386, 1.394146, -0.501715, 0.863868, 0.044871, 0.469384, 0.0, 0.0, 0.0, 1.0],
                [0.288166, 0.082438, 0.954025, -0.009755, 0.822278, 0.489266, -0.290649, 1.39721, -0.490733, 0.86823, 0.073203, 0.46973, 0.0, 0.0, 0.0, 1.0],
                [0.332089, 0.06983, 0.94066, -0.009601, 0.814056, 0.482541, -0.323214, 1.401644, -0.476477, 0.873085, 0.103401, 0.470404, 0.0, 0.0, 0.0, 1.0],
                [0.376281, 0.054385, 0.924908, -0.00941, 0.804824, 0.475358, -0.355378, 1.407532, -0.45899, 0.87811, 0.135097, 0.471515, 0.0, 0.0, 0.0, 1.0],
                [0.420622, 0.036495, 0.906502, -0.009184, 0.794305, 0.467974, -0.387402, 1.41491, -0.438357, 0.882988, 0.167852, 0.473975, 0.0, 0.0, 0.0, 1.0],
                [0.464909, 0.016761, 0.8852, -0.008926, 0.782189, 0.460624, -0.41953, 1.423613, -0.414776, 0.887437, 0.201038, 0.478619, 0.0, 0.0, 0.0, 1.0],
                [0.508902, -0.004114, 0.860815, -0.008639, 0.76815, 0.453525, -0.451952, 1.43343, -0.388542, 0.891234, 0.23396, 0.485441, 0.0, 0.0, 0.0, 1.0],
                [0.552346, -0.025365, 0.833229, -0.008325, 0.75185, 0.446871, -0.484797, 1.444148, -0.360049, 0.894239, 0.265898, 0.494433, 0.0, 0.0, 0.0, 1.0],
                [0.59499, -0.046173, 0.802406, -0.007988, 0.732952, 0.440828, -0.518123, 1.455556, -0.3298, 0.896403, 0.296131, 0.505588, 0.0, 0.0, 0.0, 1.0],
                [0.636595, -0.065678, 0.768396, -0.007629, 0.711128, 0.435519, -0.551924, 1.467441, -0.298402, 0.89778, 0.323955, 0.518899, 0.0, 0.0, 0.0, 1.0],
                [0.676947, -0.082993, 0.731338, -0.007253, 0.686063, 0.431013, -0.586128, 1.479591, -0.266571, 0.898521, 0.348711, 0.534359, 0.0, 0.0, 0.0, 1.0],
                [0.715856, -0.097225, 0.691445, -0.006861, 0.657471, 0.427303, -0.6206, 1.491794, -0.235119, 0.898866, 0.36981, 0.551961, 0.0, 0.0, 0.0, 1.0],
                [0.75316, -0.107491, 0.648996, -0.006457, 0.625099, 0.424295, -0.655153, 1.503838, -0.204942, 0.899122, 0.386755, 0.571698, 0.0, 0.0, 0.0, 1.0],
                [0.788706, -0.112944, 0.604307, -0.006043, 0.588737, 0.421787, -0.689553, 1.51551, -0.177008, 0.899633, 0.399161, 0.593562, 0.0, 0.0, 0.0, 1.0],
                [0.821967, -0.110894, 0.558634, -0.005622, 0.54942, 0.412767, -0.726471, 1.526562, -0.150024, 0.904061, 0.400209, 0.617336, 0.0, 0.0, 0.0, 1.0],
                [0.852539, -0.101293, 0.512754, -0.005196, 0.507939, 0.391792, -0.767135, 1.53659, -0.123187, 0.914461, 0.385469, 0.641958, 0.0, 0.0, 0.0, 1.0],
                [0.880375, -0.086994, 0.466231, -0.00477, 0.464047, 0.36108, -0.808877, 1.545154, -0.097979, 0.928468, 0.358255, 0.666157, 0.0, 0.0, 0.0, 1.0],
                [0.905352, -0.070491, 0.418771, -0.004345, 0.417894, 0.323249, -0.849043, 1.551817, -0.075517, 0.943685, 0.322112, 0.688659, 0.0, 0.0, 0.0, 1.0],
                [0.927309, -0.053925, 0.370391, -0.003923, 0.370007, 0.281442, -0.885373, 1.556137, -0.0565, 0.958062, 0.280936, 0.708192, 0.0, 0.0, 0.0, 1.0],
                [0.946121, -0.039037, 0.321451, -0.003509, 0.321187, 0.239279, -0.916288, 1.557674, -0.041147, 0.970166, 0.238925, 0.723485, 0.0, 0.0, 0.0, 1.0],
                [0.961749, -0.02671, 0.272626, -0.003105, 0.272348, 0.200102, -0.941162, 1.556748, -0.029415, 0.979411, 0.199722, 0.733707, 0.0, 0.0, 0.0, 1.0],
                [0.974277, -0.016735, 0.22473, -0.002713, 0.224375, 0.164772, -0.960472, 1.554019, -0.020955, 0.98619, 0.164289, 0.739801, 0.0, 0.0, 0.0, 1.0],
                [0.983904, -0.008886, 0.178474, -0.002337, 0.178052, 0.133382, -0.974939, 1.549561, -0.015142, 0.991025, 0.132817, 0.743152, 0.0, 0.0, 0.0, 1.0],
                [0.990913, -0.002935, 0.134469, -0.001979, 0.134021, 0.10593, -0.985301, 1.543446, -0.011352, 0.994369, 0.105361, 0.745145, 0.0, 0.0, 0.0, 1.0],
                [0.995644, 0.001356, 0.09323, -0.001641, 0.092803, 0.082334, -0.992275, 1.535812, -0.009021, 0.996604, 0.08185, 0.746926, 0.0, 0.0, 0.0, 1.0],
                [0.998466, 0.004325, 0.055199, -0.001327, 0.054823, 0.062398, -0.996545, 1.527051, -0.007754, 0.998042, 0.062065, 0.748694, 0.0, 0.0, 0.0, 1.0],
                [0.999765, 0.006295, 0.020737, -0.00104, 0.020426, 0.045868, -0.998739, 1.517616, -0.007239, 0.998928, 0.045729, 0.750407, 0.0, 0.0, 0.0, 1.0],
                [0.999923, 0.00754, -0.009862, -0.000782, -0.010102, 0.032464, -0.999422, 1.507964, -0.007215, 0.999444, 0.032538, 0.752024, 0.0, 0.0, 0.0, 1.0],
                [0.999305, 0.008279, -0.036349, -0.000556, -0.036523, 0.021895, -0.999093, 1.498548, -0.007476, 0.999726, 0.022182, 0.753504, 0.0, 0.0, 0.0, 1.0],
                [0.998249, 0.008687, -0.058508, -0.000365, -0.058625, 0.013867, -0.998184, 1.489825, -0.00786, 0.999866, 0.014352, 0.754806, 0.0, 0.0, 0.0, 1.0],
                [0.997058, 0.008894, -0.076135, -0.000212, -0.076207, 0.008092, -0.997059, 1.482248, -0.008252, 0.999928, 0.008746, 0.755891, 0.0, 0.0, 0.0, 1.0],
                [0.995989, 0.008989, -0.089022, -9.8e-05, -0.089063, 0.00429, -0.996017, 1.476272, -0.008572, 0.99995, 0.005073, 0.756716, 0.0, 0.0, 0.0, 1.0],
                [0.995249, 0.00903, -0.096946, -2.9e-05, -0.096969, 0.002194, -0.995285, 1.472354, -0.008775, 0.999957, 0.003059, 0.757241, 0.0, 0.0, 0.0, 1.0],
                [0.994981, 0.009042, -0.099651, -5e-06, -0.099669, 0.00155, -0.995019, 1.470946, -0.008842, 0.999958, 0.002444, 0.757425, 0.0, 0.0, 0.0, 1.0]
            ]
        },
        {
            "name": "Thigh_R",
            "time": [0.0, 0.0167, 0.0333, 0.05, 0.0667, 0.0833, 0.1, 0.1167, 0.1333, 0.15, 0.1667, 0.1833, 0.2, 0.2167, 0.2333, 0.25, 0.2667, 0.2833, 0.3, 0.3167, 0.3333, 0.35, 0.3667, 0.3833, 0.4, 0.4167, 0.4333, 0.45, 0.4667, 0.4833, 0.5, 0.5167, 0.5333, 0.55, 0.5667, 0.5833, 0.6, 0.6167, 0.6333, 0.65, 0.6667, 0.6833, 0.7, 0.7167, 0.7333, 0.75, 0.7667, 0.7833, 0.8, 0.8167, 0.8333, 0.85, 0.8667, 0.8833, 0.9, 0.9167, 0.9333, 0.95, 0.9667, 0.9833, 1.0, 1.0167, 1.0333, 1.05, 1.0667, 1.0833, 1.1, 1.1167, 1.1333, 1.15, 1.1667, 1.1833, 1.2, 1.2167, 1.2333, 1.25, 1.2667, 1.2833, 1.3, 1.3167, 1.3333, 1.35, 1.3667, 1.3833, 1.4, 1.4167, 1.4333, 1.45, 1.4667, 1.4833, 1.5, 1.5167, 1.5333, 1.55, 1.5667, 1.5833, 1.6, 1.6167, 1.6333, 1.65],
            "transform": [
                [0.98728, 0.15551, -0.033094, 0.124994, 0.158969, -0.969016, 0.189046, -0.002831, -0.00267, -0.191902, -0.98141, -1.2e-05, 0.0, 0.0, 0.0, 1.0],
                [0.965502, 0.146096, -0.215548, 0.124994, 0.226506, -0.879548, 0.41844, -0.002831, -0.128452, -0.452827, -0.882297, -1.2e-05, 0.0, 0.0, 0.0, 1.0],
                [0.925306, 0.081733, -0.370308, 0.124994, 0.301776, -0.750058, 0.588511, -0.002831, -0.229652, -0.656303, -0.718698, -1.2e-05, 0.0, 0.0, 0.0, 1.0],
                [0.905657, 0.032771, -0.422742, 0.124994, 0.34946, -0.622328, 0.700419, -0.002831, -0.24013, -0.782071, -0.575068, -1.2e-05, 0.0, 0.0, 0.0, 1.0],
                [0.917148, 0.034654, -0.397038, 0.124994, 0.359321, -0.502877, 0.786132, -0.002831, -0.172418, -0.863663, -0.473664, -1.2e-05, 0.0, 0.0, 0.0, 1.0],
                [0.940777, 0.074947, -0.330639, 0.124994, 0.33165, -0.405797, 0.851668, -0.002831, -0.070342, -0.910885, -0.40662, -1.2e-05, 0.0, 0.0, 0.0, 1.0],
                [0.956807, 0.130078, -0.259998, 0.124994, 0.289463, -0.343078, 0.893593, -0.002831, 0.027037, -0.930256, -0.365912, -1.2e-05, 0.0, 0.0, 0.0, 1.0],
                [0.960636, 0.183489, -0.208591, 0.124994, 0.258609, -0.316335, 0.912718, -0.002831, 0.101489, -0.930734, -0.351334, -1.2e-05, 0.0, 0.0, 0.0, 1.0],
                [0.95548, 0.228653, -0.186483, 0.124994, 0.254849, -0.321038, 0.912133, -0.002831, 0.148694, -0.919051, -0.365017, -1.2e-05, 0.0, 0.0, 0.0, 1.0],
                [0.947599, 0.263148, -0.181133, 0.124994, 0.266684, -0.339437, 0.902032, -0.002831, 0.175885, -0.90307, -0.391828, -1.2e-05, 0.0, 0.0, 0.0, 1.0],
                [0.941323, 0.288159, -0.175716, 0.124994, 0.275781, -0.356567, 0.892639, -0.002831, 0.194567, -0.888721, -0.415113, -1.2e-05, 0.0, 0.0, 0.0, 1.0],
                [0.936998, 0.305295, -0.16979, 0.124994, 0.2815, -0.372055, 0.884496, -0.002831, 0.206861, -0.876567, -0.434555, -1.2e-05, 0.0, 0.0, 0.0, 1.0],
                [0.934659, 0.31621, -0.162554, 0.124994, 0.283203, -0.3857, 0.878084, -0.002831, 0.214961, -0.866745, -0.45005, -1.2e-05, 0.0, 0.0, 0.0, 1.0],
                [0.93442, 0.32016, -0.156071, 0.124994, 0.28202, -0.397428, 0.873221, -0.002831, 0.217543, -0.85997, -0.461655, -1.2e-05, 0.0, 0.0, 0.0, 1.0],
                [0.935073, 0.321094, -0.150125, 0.124994, 0.280948, -0.413161, 0.866237, -0.002831, 0.216118, -0.852172, -0.476546, -1.2e-05, 0.0, 0.0, 0.0, 1.0],
                [0.934502, 0.327115, -0.140364, 0.124994, 0.282277, -0.440788, 0.852072, -0.002831, 0.216855, -0.835884, -0.504254, -1.2e-05, 0.0, 0.0, 0.0, 1.0],
                [0.930473, 0.344772, -0.1239, 0.124994, 0.28923, -0.483721, 0.82605, -0.002831, 0.224866, -0.804453, -0.549809, -1.2e-05, 0.0, 0.0, 0.0, 1.0],
                [0.920434, 0.378316, -0.098374, 0.124994, 0.305883, -0.54038, 0.783853, -0.002831, 0.243384, -0.751576, -0.613105, -1.2e-05, 0.0, 0.0, 0.0, 1.0],
                [0.901378, 0.428886, -0.059793, 0.124994, 0.336035, -0.60568, 0.721271, -0.002831, 0.273127, -0.67023, -0.690067, -1.2e-05, 0.0, 0.0, 0.0, 1.0],
                [0.870059, 0.492946, 0.00045, 0.124994, 0.381458, -0.673857, 0.632776, -0.002831, 0.312228, -0.550382, -0.774334, -1.2e-05, 0.0, 0.0, 0.0, 1.0],
                [0.823931, 0.557709, 0.10049, 0.124994, 0.440064, -0.74141, 0.506611, -0.002831, 0.357046, -0.37319, -0.856299, -1.2e-05, 0.0, 0.0, 0.0, 1.0],
                [0.785019, 0.539023, 0.305286, 0.124994, 0.449773, -0.834827, 0.317442, -0.002831, 0.425969, -0.111888, -0.897792, -1.2e-05, 0.0, 0.0, 0.0, 1.0],
                [0.715956, 0.339441, 0.610071, 0.124994, 0.365548, -0.926751, 0.086648, -0.002831, 0.594796, 0.160974, -0.787594, -1.2e-05, 0.0, 0.0, 0.0, 1.0],
                [0.612464, 0.258228, 0.747132, 0.124994, 0.23305, -0.962117, 0.14149, -0.002831, 0.755365, 0.087462, -0.649442, -1.2e-05, 0.0, 0.0, 0.0, 1.0],
                [0.661004, 0.343601, 0.667092, 0.124994, 0.00203, -0.889819, 0.45631, -0.002831, 0.75038, -0.300268, -0.588871, -1.2e-05, 0.0, 0.0, 0.0, 1.0],
                [0.8719, 0.318157, 0.372245, 0.124994, -0.127127, -0.587044, 0.799511, -0.002831, 0.472894, -0.744416, -0.471397, -1.2e-05, 0.0, 0.0, 0.0, 1.0],
                [0.930301, 0.364631, 0.039794, 0.124994, 0.081289, -0.31075, 0.947009, -0.002831, 0.357675, -0.877769, -0.318732, -1.2e-05, 0.0, 0.0, 0.0, 1.0],
                [0.722414, 0.521769, -0.453734, 0.124994, 0.293341, 0.362961, 0.884427, -0.002831, 0.626154, -0.772022, 0.109152, -1.2e-05, 0.0, 0.0, 0.0, 1.0],
                [0.378258, 0.383022, -0.842743, 0.124994, 0.316934, 0.80178, 0.506658, -0.002831, 0.869755, -0.458742, 0.181887, -1.2e-05, 0.0, 0.0, 0.0, 1.0],
                [0.214006, 0.557369, -0.80221, 0.124994, 0.293884, 0.746452, 0.597028, -0.002831, 0.931576, -0.363524, -0.004056, -1.2e-05, 0.0, 0.0, 0.0, 1.0],
                [0.161396, 0.704592, -0.691015, 0.124994, 0.354052, 0.612245, 0.706968, -0.002831, 0.921195, -0.358756, -0.150648, -1.2e-05, 0.0, 0.0, 0.0, 1.0],
                [0.152852, 0.762765, -0.628352, 0.124994, 0.412648, 0.52848, 0.74191, -0.00283, 0.897974, -0.372691, -0.233974, -1.2e-05, 0.0, 0.0, 0.0, 1.0],
                [0.15293, 0.801151, -0.578593, 0.124994, 0.460298, 0.460347, 0.759083, -0.002831, 0.874493, -0.382412, -0.298368, -1.2e-05, 0.0, 0.0, 0.0, 1.0],
                [0.157043, 0.825089, -0.54274, 0.124994, 0.496988, 0.408877, 0.765391, -0.00283, 0.853429, -0.389935, -0.345847, -1.2e-05, 0.0, 0.0, 0.0, 1.0],
                [0.161874, 0.839027, -0.519452, 0.124994, 0.523558, 0.373177, 0.765915, -0.002831, 0.83647, -0.395946, -0.378872, -1.2e-05, 0.0, 0.0, 0.0, 1.0],
                [0.165425, 0.846451, -0.506118, 0.124994, 0.541414, 0.350998, 0.763984, -0.002831, 0.824322, -0.400401, -0.400216, -1.2e-05, 0.0, 0.0, 0.0, 1.0],
                [0.166793, 0.850077, -0.49955, 0.124994, 0.552283, 0.339162, 0.761546, -0.002831, 0.816801, -0.402914, -0.412913, -1.2e-05, 0.0, 0.0, 0.0, 1.0],
                [0.165807, 0.852137, -0.496357, 0.124994, 0.558072, 0.333897, 0.75965, -0.002831, 0.813058, -0.402959, -0.420191, -1.2e-05, 0.0, 0.0, 0.0, 1.0],
                [0.162668, 0.854629, -0.493102, 0.124994, 0.560765, 0.331123, 0.758882, -0.002831, 0.811839, -0.39996, -0.425382, -1.2e-05, 0.0, 0.0, 0.0, 1.0],
                [0.1574, 0.858812, -0.487512, 0.124994, 0.562499, 0.327786, 0.759046, -0.002831, 0.811677, -0.393699, -0.431487, -1.2e-05, 0.0, 0.0, 0.0, 1.0],
                [0.150152, 0.86436, -0.479935, 0.124994, 0.564111, 0.323761, 0.759578, -0.002831, 0.811932, -0.384789, -0.438981, -1.2e-05, 0.0, 0.0, 0.0, 1.0],
                [0.141449, 0.870805, -0.470842, 0.124994, 0.565659, 0.319233, 0.760342, -0.002831, 0.812417, -0.373886, -0.447423, -1.2e-05, 0.0, 0.0, 0.0, 1.0],
                [0.131813, 0.877698, -0.460729, 0.124994, 0.567205, 0.314396, 0.761206, -0.002831, 0.812961, -0.361664, -0.456393, -1.2e-05, 0.0, 0.0, 0.0, 1.0],
                [0.121774, 0.884625, -0.450122, 0.124994, 0.568803, 0.309448, 0.76204, -0.00283, 0.813409, -0.348827, -0.465495, -1.2e-05, 0.0, 0.0, 0.0, 1.0],
                [0.111868, 0.891212, -0.439575, 0.124994, 0.570506, 0.304589, 0.762724, -0.002831, 0.813639, -0.336105, -0.474368, -1.2e-05, 0.0, 0.0, 0.0, 1.0],
                [0.102634, 0.89713, -0.429679, 0.124994, 0.572365, 0.300025, 0.763141, -0.002831, 0.813551, -0.324257, -0.482693, -1.2e-05, 0.0, 0.0, 0.0, 1.0],
                [0.094611, 0.90209, -0.421049, 0.124994, 0.574426, 0.295966, 0.763177, -0.002831, 0.81307, -0.314067, -0.490182, -1.2e-05, 0.0, 0.0, 0.0, 1.0],
                [0.088335, 0.905834, -0.414321, 0.124994, 0.576737, 0.292622, 0.762724, -0.002831, 0.81214, -0.306329, -0.496579, -1.2e-05, 0.0, 0.0, 0.0, 1.0],
                [0.084328, 0.908115, -0.410142, 0.124994, 0.579344, 0.290204, 0.761671, -0.002831, 0.81071, -0.301843, -0.501638, -1.2e-05, 0.0, 0.0, 0.0, 1.0],
                [0.083099, 0.908673, -0.409157, 0.124994, 0.5823, 0.288917, 0.759904, -0.002831, 0.808716, -0.301399, -0.505111, -1.2e-05, 0.0, 0.0, 0.0, 1.0],
                [0.082981, 0.90825, -0.410118, 0.124994, 0.585385, 0.288628, 0.75764, -0.002831, 0.806498, -0.302947, -0.507725, -1.2e-05, 0.0, 0.0, 0.0, 1.0],
                [0.082238, 0.907703, -0.411477, 0.124994, 0.588292, 0.289055, 0.755222, -0.002831, 0.804456, -0.304177, -0.510223, -1.2e-05, 0.0, 0.0, 0.0, 1.0],
                [0.08126, 0.906909, -0.413416, 0.124994, 0.590937, 0.290181, 0.752721, -0.002831, 0.802615, -0.305469, -0.512346, -1.2e-05, 0.0, 0.0, 0.0, 1.0],
                [0.080416, 0.905745, -0.416126, 0.124994, 0.59321, 0.292006, 0.750223, -0.002831, 0.801022, -0.30718, -0.513814, -1.2e-05, 0.0, 0.0, 0.0, 1.0],
                [0.080066, 0.904081, -0.419795, 0.124994, 0.594968, 0.294553, 0.747831, -0.002831, 0.799752, -0.30964, -0.514315, -1.2e-05, 0.0, 0.0, 0.0, 1.0],
                [0.080546, 0.901786, -0.424612, 0.124994, 0.596028, 0.297868, 0.745672, -0.002831, 0.798914, -0.313141, -0.513497, -1.2e-05, 0.0, 0.0, 0.0, 1.0],
                [0.082186, 0.898723, -0.430746, 0.124994, 0.596156, 0.302022, 0.743896, -0.002831, 0.798651, -0.317929, -0.510957, -1.2e-05, 0.0, 0.0, 0.0, 1.0],
                [0.085304, 0.89475, -0.438346, 0.124994, 0.595064, 0.307116, 0.742684, -0.002831, 0.799139, -0.324198, -0.506235, -1.2e-05, 0.0, 0.0, 0.0, 1.0],
                [0.090223, 0.889714, -0.447514, 0.124994, 0.592398, 0.313266, 0.742246, -0.002831, 0.800577, -0.332074, -0.498801, -1.2e-05, 0.0, 0.0, 0.0, 1.0],
                [0.097281, 0.883465, -0.458287, 0.124994, 0.587739, 0.320609, 0.742815, -0.002831, 0.803181, -0.341615, -0.488057, -1.2e-05, 0.0, 0.0, 0.0, 1.0],
                [0.109983, 0.874347, -0.472675, 0.124994, 0.581004, 0.329294, 0.744312, -0.002831, 0.806436, -0.356488, -0.471782, -1.2e-05, 0.0, 0.0, 0.0, 1.0],
                [0.130616, 0.86143, -0.490794, 0.124994, 0.571202, 0.339234, 0.747429, -0.002831, 0.810351, -0.377968, -0.44774, -1.2e-05, 0.0, 0.0, 0.0, 1.0],
                [0.15784, 0.8458, -0.509617, 0.124994, 0.556458, 0.350154, 0.75349, -0.002831, 0.815746, -0.402512, -0.415383, -1.2e-05, 0.0, 0.0, 0.0, 1.0],
                [0.190419, 0.828901, -0.52599, 0.124994, 0.534883, 0.361679, 0.763603, -0.002831, 0.82319, -0.426748, -0.374494, -1.2e-05, 0.0, 0.0, 0.0, 1.0],
                [0.227067, 0.81259, -0.536784, 0.124994, 0.504665, 0.373224, 0.778471, -0.002831, 0.832918, -0.447662, -0.325339, -1.2e-05, 0.0, 0.0, 0.0, 1.0],
                [0.266659, 0.798439, -0.539805, 0.124994, 0.465785, 0.383572, 0.797445, -0.002831, 0.843764, -0.464078, -0.269617, -1.2e-05, 0.0, 0.0, 0.0, 1.0],
                [0.308703, 0.786862, -0.534369, 0.124994, 0.419403, 0.391637, 0.818976, -0.002831, 0.8537, -0.476937, -0.209112, -1.2e-05, 0.0, 0.0, 0.0, 1.0],
                [0.352528, 0.778143, -0.519824, 0.124994, 0.365882, 0.396657, 0.841899, -0.002831, 0.861309, -0.486988, -0.144876, -1.2e-05, 0.0, 0.0, 0.0, 1.0],
                [0.397239, 0.772339, -0.495674, 0.124994, 0.305984, 0.397745, 0.86497, -0.002831, 0.865202, -0.495268, -0.078324, -1.2e-05, 0.0, 0.0, 0.0, 1.0],
                [0.441804, 0.769197, -0.461677, 0.124994, 0.240915, 0.393995, 0.886977, -0.002831, 0.864158, -0.503095, -0.011243, -1.2e-05, 0.0, 0.0, 0.0, 1.0],
                [0.485251, 0.768923, -0.416282, 0.124994, 0.17229, 0.382673, 0.907677, -0.002831, 0.857233, -0.512172, 0.053215, -1.2e-05, 0.0, 0.0, 0.0, 1.0],
                [0.526471, 0.7708, -0.358742, 0.124994, 0.102402, 0.361392, 0.926774, -0.002831, 0.844003, -0.524656, 0.111331, -1.2e-05, 0.0, 0.0, 0.0, 1.0],
                [0.564515, 0.772579, -0.290594, 0.124994, 0.033682, 0.330201, 0.94331, -0.002831, 0.824735, -0.5423, 0.160382, -1.2e-05, 0.0, 0.0, 0.0, 1.0],
                [0.598903, 0.771761, -0.213775, 0.124994, -0.031758, 0.289623, 0.956614, -0.002831, 0.800191, -0.56613, 0.197965, -1.2e-05, 0.0, 0.0, 0.0, 1.0],
                [0.629606, 0.765865, -0.130569, 0.124994, -0.092225, 0.240548, 0.966246, -0.002831, 0.771422, -0.596313, 0.222082, -1.2e-05, 0.0, 0.0, 0.0, 1.0],
                [0.656957, 0.752671, -0.043534, 0.124994, -0.14647, 0.184061, 0.971941, -0.002831, 0.739564, -0.632147, 0.231163, -1.2e-05, 0.0, 0.0, 0.0, 1.0],
                [0.681541, 0.730422, 0.044575, 0.124994, -0.193629, 0.121259, 0.973553, -0.002831, 0.705698, -0.672147, 0.224073, -1.2e-05, 0.0, 0.0, 0.0, 1.0],
                [0.704078, 0.697952, 0.130911, 0.124994, -0.233141, 0.053063, 0.970994, -0.002831, 0.67076, -0.714177, 0.200082, -1.2e-05, 0.0, 0.0, 0.0, 1.0],
                [0.725328, 0.654736, 0.212652, 0.124994, -0.264659, -0.019949, 0.964136, -0.002831, 0.635496, -0.755595, 0.158812, -1.2e-05, 0.0, 0.0, 0.0, 1.0],
                [0.746008, 0.600854, 0.287134, 0.124994, -0.287955, -0.097728, 0.952644, -0.002831, 0.600461, -0.793363, 0.100113, -1.2e-05, 0.0, 0.0, 0.0, 1.0],
                [0.765846, 0.536478, 0.354501, 0.124994, -0.300672, -0.188555, 0.934903, -0.002831, 0.568397, -0.822581, 0.016899, -1.2e-05, 0.0, 0.0, 0.0, 1.0],
                [0.784662, 0.462037, 0.413314, 0.124994, -0.302714, -0.296254, 0.905869, -0.002831, 0.540991, -0.835916, -0.092594, -1.2e-05, 0.0, 0.0, 0.0, 1.0],
                [0.803025, 0.379111, 0.459811, 0.124994, -0.297022, -0.414298, 0.860311, -0.002831, 0.516652, -0.827425, -0.220087, -1.2e-05, 0.0, 0.0, 0.0, 1.0],
                [0.821184, 0.289562, 0.491743, 0.124994, -0.286344, -0.536293, 0.793976, -0.002831, 0.493623, -0.792808, -0.357481, -1.2e-05, 0.0, 0.0, 0.0, 1.0],
                [0.839085, 0.193517, 0.508417, 0.124994, -0.273379, -0.658006, 0.701635, -0.00283, 0.470319, -0.727722, -0.499219, -1.2e-05, 0.0, 0.0, 0.0, 1.0],
                [0.858868, 0.111277, 0.499963, 0.124994, -0.252802, -0.756841, 0.60273, -0.002831, 0.445463, -0.644057, -0.621895, -1.2e-05, 0.0, 0.0, 0.0, 1.0],
                [0.881707, 0.08269, 0.464495, 0.124994, -0.220803, -0.797726, 0.561141, -0.002831, 0.41694, -0.597324, -0.685103, -1.2e-05, 0.0, 0.0, 0.0, 1.0],
                [0.905326, 0.075336, 0.417981, 0.124994, -0.181295, -0.821429, 0.540727, -0.002831, 0.384078, -0.565313, -0.730003, -1.2e-05, 0.0, 0.0, 0.0, 1.0],
                [0.927468, 0.067358, 0.367784, 0.124994, -0.138053, -0.852445, 0.504261, -0.002831, 0.347482, -0.518459, -0.781317, -1.2e-05, 0.0, 0.0, 0.0, 1.0],
                [0.946488, 0.058572, 0.317379, 0.124994, -0.09463, -0.889806, 0.44642, -0.002831, 0.308553, -0.452565, -0.836648, -1.2e-05, 0.0, 0.0, 0.0, 1.0],
                [0.961609, 0.053875, 0.269082, 0.124994, -0.054028, -0.924181, 0.378116, -0.002831, 0.269051, -0.378138, -0.88579, -1.2e-05, 0.0, 0.0, 0.0, 1.0],
                [0.972944, 0.056108, 0.224125, 0.124994, -0.017061, -0.949968, 0.311879, -0.002831, 0.23041, -0.307265, -0.923309, -1.2e-05, 0.0, 0.0, 0.0, 1.0],
                [0.980912, 0.064071, 0.183593, 0.124994, 0.016163, -0.967754, 0.251376, -0.002831, 0.193779, -0.243611, -0.950318, -1.2e-05, 0.0, 0.0, 0.0, 1.0],
                [0.986046, 0.075791, 0.148215, 0.124994, 0.045531, -0.979183, 0.197807, -0.002831, 0.160122, -0.188299, -0.968971, -1.2e-05, 0.0, 0.0, 0.0, 1.0],
                [0.988943, 0.089251, 0.118429, 0.124994, 0.070922, -0.98601, 0.150847, -0.002831, 0.130236, -0.14078, -0.981438, -1.2e-05, 0.0, 0.0, 0.0, 1.0],
                [0.990214, 0.102682, 0.094509, 0.124994, 0.092195, -0.989719, 0.109348, -0.002831, 0.104766, -0.099564, -0.989501, -1.2e-05, 0.0, 0.0, 0.0, 1.0],
                [0.990447, 0.11463, 0.076653, 0.124994, 0.109179, -0.991419, 0.071892, -0.002831, 0.084236, -0.062836, -0.994463, -1.2e-05, 0.0, 0.0, 0.0, 1.0],
                [0.990164, 0.123932, 0.064938, 0.124994, 0.121667, -0.991853, 0.037754, -0.002831, 0.069087, -0.029482, -0.997175, -1.2e-05, 0.0, 0.0, 0.0, 1.0],
                [0.989793, 0.129697, 0.059067, 0.124994, 0.129401, -0.991553, 0.008819, -0.002831, 0.059712, -0.001085, -0.998215, -1.2e-05, 0.0, 0.0, 0.0, 1.0],
                [0.98963, 0.131579, 0.057611, 0.124994, 0.132062, -0.99123, -0.004631, -0.00283, 0.056497, 0.012191, -0.998328, -1.2e-05, 0.0, 0.0, 0.0, 1.0]
            ]
        },
        {
            "name": "Leg_R",
            "time": [0.0, 0.0167, 0.0333, 0.05, 0.0667, 0.0833, 0.1, 0.1167, 0.1333, 0.15, 0.1667, 0.1833, 0.2, 0.2167, 0.2333, 0.25, 0.2667, 0.2833, 0.3, 0.3167, 0.3333, 0.35, 0.3667, 0.3833, 0.4, 0.4167, 0.4333, 0.45, 0.4667, 0.4833, 0.5, 0.5167, 0.5333, 0.55, 0.5667, 0.5833, 0.6, 0.6167, 0.6333, 0.65, 0.6667, 0.6833, 0.7, 0.7167, 0.7333, 0.75, 0.7667, 0.7833, 0.8, 0.8167, 0.8333, 0.85, 0.8667, 0.8833, 0.9, 0.9167, 0.9333, 0.95, 0.9667, 0.9833, 1.0, 1.0167, 1.0333, 1.05, 1.0667, 1.0833, 1.1, 1.1167, 1.1333, 1.15, 1.1667, 1.1833, 1.2, 1.2167, 1.2333, 1.25, 1.2667, 1.2833, 1.3, 1.3167, 1.3333, 1.35, 1.3667, 1.3833, 1.4, 1.4167, 1.4333, 1.45, 1.4667, 1.4833, 1.5, 1.5167, 1.5333, 1.55, 1.5667, 1.5833, 1.6, 1.6167, 1.6333, 1.65],
            "transform": [
                [1.0, -0.0, 1e-06, 0.0, -0.0, 0.898049, 0.439894, 0.374726, -1e-06, -0.439894, 0.89805, 0.0, 0.0, 0.0, 0.0, 1.0],
                [1.0, -0.0, 1e-06, 0.0, -0.0, 0.703745, 0.710453, 0.374726, -1e-06, -0.710453, 0.703745, 0.0, 0.0, 0.0, 0.0, 1.0],
                [1.0, -1e-06, 1e-06, 0.0, -0.0, 0.531439, 0.847096, 0.374726, -1e-06, -0.847097, 0.531439, 0.0, 0.0, 0.0, 0.0, 1.0],
                [1.0, -1e-06, 1e-06, 0.0, -0.0, 0.434249, 0.900793, 0.374726, -1e-06, -0.900793, 0.434249, 0.0, 0.0, 0.0, 0.0, 1.0],
                [1.0, -1e-06, 0.0, 0.0, -0.0, 0.390795, 0.920477, 0.374726, -1e-06, -0.920477, 0.390795, 0.0, 0.0, 0.0, 0.0, 1.0],
                [1.0, -1e-06, 1e-06, 0.0, -0.0, 0.384732, 0.923028, 0.374726, -1e-06, -0.923028, 0.384732, -0.0, 0.0, 0.0, 0.0, 1.0],
                [1.0, -1e-06, 1e-06, -0.0, -0.0, 0.40239, 0.915468, 0.374726, -1e-06, -0.915469, 0.40239, -0.0, 0.0, 0.0, 0.0, 1.0],
                [1.0, -1e-06, 1e-06, -0.0, -0.0, 0.432126, 0.901814, 0.374726, -1e-06, -0.901814, 0.432126, -0.0, 0.0, 0.0, 0.0, 1.0],
                [1.0, -1e-06, 1e-06, -0.0, -0.0, 0.46422, 0.88572, 0.374726, -1e-06, -0.88572, 0.46422, 0.0, 0.0, 0.0, 0.0, 1.0],
                [1.0, -1e-06, 1e-06, -0.0, -0.0, 0.494363, 0.869255, 0.374726, -1e-06, -0.869255, 0.494363, 0.0, 0.0, 0.0, 0.0, 1.0],
                [1.0, -1e-06, 1e-06, -0.0, -0.0, 0.519432, 0.854511, 0.374726, -1e-06, -0.854512, 0.519432, 0.0, 0.0, 0.0, 0.0, 1.0],
                [1.0, -1e-06, 1e-06, 0.0, -0.0, 0.533745, 0.845646, 0.374726, -1e-06, -0.845646, 0.533745, 0.0, 0.0, 0.0, 0.0, 1.0],
                [1.0, -1e-06, 1e-06, 0.0, -0.0, 0.532532, 0.84641, 0.374726, -1e-06, -0.84641, 0.532532, -0.0, 0.0, 0.0, 0.0, 1.0],
                [1.0, -1e-06, 1e-06, 0.0, -0.0, 0.500738, 0.865599, 0.374726, -1e-06, -0.865599, 0.500738, 0.0, 0.0, 0.0, 0.0, 1.0],
                [1.0, -1e-06, 1e-06, 0.0, -0.0, 0.440196, 0.897902, 0.374726, -1e-06, -0.897902, 0.440196, 0.0, 0.0, 0.0, 0.0, 1.0],
                [1.0, -1e-06, 1e-06, -0.0, -0.0, 0.372194, 0.928155, 0.374726, -1e-06, -0.928155, 0.372194, -0.0, 0.0, 0.0, 0.0, 1.0],
                [1.0, -1e-06, 0.0, 0.0, -0.0, 0.315281, 0.948998, 0.374726, -1e-06, -0.948998, 0.315281, 0.0, 0.0, 0.0, 0.0, 1.0],
                [1.0, -1e-06, 1e-06, 0.0, -0.0, 0.284284, 0.95874, 0.374726, -1e-06, -0.95874, 0.284284, 0.0, 0.0, 0.0, 0.0, 1.0],
                [1.0, -1e-06, 0.0, -0.0, -0.0, 0.291883, 0.956454, 0.374726, -1e-06, -0.956454, 0.291884, 0.0, 0.0, 0.0, 0.0, 1.0],
                [1.0, -1e-06, 1e-06, 0.0, -0.0, 0.352892, 0.935664, 0.374726, -1e-06, -0.935664, 0.352892, 0.0, 0.0, 0.0, 0.0, 1.0],
                [1.0, -1e-06, 1e-06, -0.0, -0.0, 0.491603, 0.870819, 0.374726, -1e-06, -0.870819, 0.491603, 0.0, 0.0, 0.0, 0.0, 1.0],
                [1.0, -1e-06, 1e-06, -0.0, -0.0, 0.731899, 0.681413, 0.374726, -1e-06, -0.681414, 0.731899, 0.0, 0.0, 0.0, 0.0, 1.0],
                [1.0, -0.0, 1e-06, 0.0, -0.0, 0.948742, 0.316051, 0.374726, -1e-06, -0.316051, 0.948742, 0.0, 0.0, 0.0, 0.0, 1.0],
                [1.0, -0.0, 1e-06, 0.0, -0.0, 0.877513, 0.479551, 0.374726, -1e-06, -0.479551, 0.877514, -0.0, 0.0, 0.0, 0.0, 1.0],
                [1.0, -1e-06, 1e-06, -0.0, -0.0, 0.530641, 0.847596, 0.374726, -1e-06, -0.847596, 0.530641, -0.0, 0.0, 0.0, 0.0, 1.0],
                [1.0, -1e-06, 1e-06, 0.0, -0.0, 0.394617, 0.918846, 0.374726, -1e-06, -0.918846, 0.394617, 0.0, 0.0, 0.0, 0.0, 1.0],
                [1.0, -1e-06, 1e-06, -0.0, -0.0, 0.552666, 0.833402, 0.374726, -1e-06, -0.833402, 0.552666, 0.0, 0.0, 0.0, 0.0, 1.0],
                [1.0, -1e-06, 1e-06, 0.0, -0.0, 0.252645, 0.967559, 0.374726, -1e-06, -0.967559, 0.252645, 0.0, 0.0, 0.0, 0.0, 1.0],
                [1.0, -1e-06, 0.0, -0.0, -0.0, -0.069309, 0.997595, 0.374726, -1e-06, -0.997595, -0.069309, 0.0, 0.0, 0.0, 0.0, 1.0],
                [1.0, -1e-06, 0.0, 0.0, -0.0, -0.176394, 0.98432, 0.374726, -1e-06, -0.98432, -0.176394, 0.0, 0.0, 0.0, 0.0, 1.0],
                [1.0, -1e-06, 0.0, 0.0, -0.0, -0.174642, 0.984632, 0.374726, -1e-06, -0.984632, -0.174642, -0.0, 0.0, 0.0, 0.0, 1.0],
                [1.0, -1e-06, 0.0, 0.0, -0.0, -0.156723, 0.987643, 0.374726, -1e-06, -0.987643, -0.156723, 0.0, 0.0, 0.0, 0.0, 1.0],
                [1.0, -1e-06, 0.0, -0.0, -0.0, -0.141387, 0.989954, 0.374726, -1e-06, -0.989954, -0.141387, 0.0, 0.0, 0.0, 0.0, 1.0],
                [1.0, -1e-06, 0.0, 0.0, -0.0, -0.129549, 0.991573, 0.374726, -1e-06, -0.991573, -0.129549, 0.0, 0.0, 0.0, 0.0, 1.0],
                [1.0, -1e-06, 0.0, 0.0, -0.0, -0.121334, 0.992612, 0.374726, -1e-06, -0.992612, -0.121334, 0.0, 0.0, 0.0, 0.0, 1.0],
                [1.0, -1e-06, 0.0, -0.0, -0.0, -0.11633, 0.993211, 0.374726, -1e-06, -0.993211, -0.11633, -0.0, 0.0, 0.0, 0.0, 1.0],
                [1.0, -1e-06, 0.0, 0.0, -0.0, -0.113807, 0.993502, 0.374726, -1e-06, -0.993503, -0.113807, 0.0, 0.0, 0.0, 0.0, 1.0],
                [1.0, -1e-06, 0.0, -0.0, -0.0, -0.112866, 0.99361, 0.374726, -1e-06, -0.99361, -0.112866, -0.0, 0.0, 0.0, 0.0, 1.0],
                [1.0, -1e-06, 0.0, -0.0, -0.0, -0.112537, 0.993648, 0.374726, -1e-06, -0.993648, -0.112537, 0.0, 0.0, 0.0, 0.0, 1.0],
                [1.0, -1e-06, 0.0, -0.0, -0.0, -0.111814, 0.993729, 0.374726, -1e-06, -0.993729, -0.111814, -0.0, 0.0, 0.0, 0.0, 1.0],
