{
    "animation": [
        {
            "name": "Root",
            "time": [0.0, 0.0167, 0.0333, 0.05, 0.0667, 0.0833, 0.1, 0.1167, 0.1333, 0.15, 0.1667, 0.1833, 0.2, 0.2167, 0.2333, 0.25, 0.2667, 0.2833, 0.3, 0.3167, 0.3333, 0.35, 0.3667, 0.3833, 0.4, 0.4167, 0.4333, 0.45, 0.4667, 0.4833, 0.5, 0.5167, 0.5333, 0.55, 0.5667, 0.5833, 0.6, 0.6167, 0.6333, 0.65, 0.6667, 0.6833, 0.7, 0.7167, 0.7333, 0.75, 0.7667, 0.7833, 0.8, 0.8167, 0.8333, 0.85, 0.8667, 0.8833, 0.9, 0.9167, 0.9333, 0.95, 0.9667, 0.9833, 1.0, 1.0167, 1.0333, 1.05, 1.0667, 1.0833, 1.1, 1.1167, 1.1333, 1.15, 1.1667, 1.1833, 1.2, 1.2167, 1.2333, 1.25, 1.2667, 1.2833, 1.3, 1.3167, 1.3333, 1.35, 1.3667, 1.3833, 1.4, 1.4167, 1.4333, 1.45, 1.4667, 1.4833, 1.5, 1.5167, 1.5333, 1.55, 1.5667, 1.5833, 1.6, 1.6167, 1.6333, 1.65, 1.6667, 1.6833, 1.7, 1.7167, 1.7333, 1.75, 1.7667, 1.7833, 1.8, 1.8167, 1.8333, 1.85, 1.8667, 1.8833, 1.9, 1.9167, 1.9333, 1.95, 1.9667, 1.9833, 2.0, 2.0167, 2.0333, 2.05, 2.0667, 2.0833, 2.1, 2.1167, 2.1333, 2.15, 2.1667, 2.1833, 2.2, 2.2167, 2.2333, 2.25, 2.2667, 2.2833, 2.3, 2.3167, 2.3333, 2.35, 2.3667, 2.3833, 2.4, 2.4167, 2.4333, 2.45, 2.4667, 2.4833, 2.5, 2.5167, 2.5333, 2.55, 2.5667, 2.5833, 2.6, 2.6167, 2.6333, 2.65, 2.6667, 2.6833, 2.7, 2.7167, 2.7333, 2.75, 2.7667, 2.7833, 2.8, 2.8167, 2.8333, 2.85, 2.8667, 2.8833, 2.9, 2.9167, 2.9333, 2.95, 2.9667, 2.9833, 3.0],
            "transform": [
                [0.995047, 0.00395, -0.099325, -0.004083, -0.099163, -0.030107, -0.994616, 0.000783, -0.006919, 0.999539, -0.029566, 0.756398, 0.0, 0.0, 0.0, 1.0],
                [0.995048, 0.003865, -0.099325, -0.004082, -0.099165, -0.030092, -0.994616, 0.000783, -0.006833, 0.99954, -0.02956, 0.756399, 0.0, 0.0, 0.0, 1.0],
                [0.995048, 0.003779, -0.099325, -0.004077, -0.099168, -0.030057, -0.994617, 0.000783, -0.006744, 0.999541, -0.029533, 0.7564, 0.0, 0.0, 0.0, 1.0],
                [0.995048, 0.003692, -0.099327, -0.00407, -0.099172, -0.030001, -0.994618, 0.000783, -0.006652, 0.999543, -0.029486, 0.756402, 0.0, 0.0, 0.0, 1.0],
                [0.995048, 0.003603, -0.099329, -0.00406, -0.099178, -0.029925, -0.99462, 0.000784, -0.006557, 0.999546, -0.02942, 0.756404, 0.0, 0.0, 0.0, 1.0],
                [0.995048, 0.003515, -0.099333, -0.004047, -0.099185, -0.02983, -0.994622, 0.000784, -0.006459, 0.999549, -0.029334, 0.756407, 0.0, 0.0, 0.0, 1.0],
                [0.995048, 0.003425, -0.099338, -0.004031, -0.099193, -0.029715, -0.994624, 0.000785, -0.006359, 0.999553, -0.029228, 0.756411, 0.0, 0.0, 0.0, 1.0],
                [0.995048, 0.003336, -0.099343, -0.004013, -0.099202, -0.029582, -0.994627, 0.000786, -0.006257, 0.999557, -0.029105, 0.756416, 0.0, 0.0, 0.0, 1.0],
                [0.995047, 0.003246, -0.099349, -0.003992, -0.099212, -0.029431, -0.994631, 0.000787, -0.006153, 0.999562, -0.028963, 0.756421, 0.0, 0.0, 0.0, 1.0],
                [0.995047, 0.003157, -0.099356, -0.003969, -0.099222, -0.029261, -0.994635, 0.000787, -0.006047, 0.999567, -0.028803, 0.756427, 0.0, 0.0, 0.0, 1.0],
                [0.995046, 0.003068, -0.099364, -0.003943, -0.099234, -0.029074, -0.994639, 0.000789, -0.00594, 0.999572, -0.028626, 0.756433, 0.0, 0.0, 0.0, 1.0],
                [0.995046, 0.00298, -0.099373, -0.003915, -0.099246, -0.028871, -0.994644, 0.00079, -0.005833, 0.999579, -0.028432, 0.75644, 0.0, 0.0, 0.0, 1.0],
                [0.995045, 0.002892, -0.099382, -0.003885, -0.099259, -0.02865, -0.994649, 0.000791, -0.005724, 0.999585, -0.028221, 0.756448, 0.0, 0.0, 0.0, 1.0],
                [0.995044, 0.002806, -0.099391, -0.003852, -0.099272, -0.028413, -0.994655, 0.000792, -0.005615, 0.999592, -0.027994, 0.756456, 0.0, 0.0, 0.0, 1.0],
                [0.995044, 0.002721, -0.099401, -0.003818, -0.099286, -0.028161, -0.99466, 0.000794, -0.005505, 0.9996, -0.027751, 0.756465, 0.0, 0.0, 0.0, 1.0],
                [0.995043, 0.002637, -0.099412, -0.003781, -0.0993, -0.027893, -0.994667, 0.000795, -0.005396, 0.999607, -0.027493, 0.756474, 0.0, 0.0, 0.0, 1.0],
                [0.995042, 0.002555, -0.099423, -0.003742, -0.099315, -0.02761, -0.994673, 0.000797, -0.005286, 0.999615, -0.02722, 0.756484, 0.0, 0.0, 0.0, 1.0],
                [0.995041, 0.002475, -0.099434, -0.003701, -0.09933, -0.027313, -0.99468, 0.000798, -0.005177, 0.999624, -0.026932, 0.756494, 0.0, 0.0, 0.0, 1.0],
                [0.99504, 0.002397, -0.099445, -0.003659, -0.099345, -0.027002, -0.994687, 0.0008, -0.005069, 0.999633, -0.026629, 0.756505, 0.0, 0.0, 0.0, 1.0],
                [0.995039, 0.002321, -0.099457, -0.003614, -0.09936, -0.026676, -0.994694, 0.000802, -0.004962, 0.999641, -0.026313, 0.756516, 0.0, 0.0, 0.0, 1.0],
                [0.995038, 0.002248, -0.099469, -0.003568, -0.099376, -0.026338, -0.994701, 0.000804, -0.004856, 0.999651, -0.025984, 0.756528, 0.0, 0.0, 0.0, 1.0],
                [0.995037, 0.002177, -0.099481, -0.003521, -0.099391, -0.025987, -0.994709, 0.000805, -0.004751, 0.99966, -0.025641, 0.75654, 0.0, 0.0, 0.0, 1.0],
                [0.995036, 0.00211, -0.099493, -0.003471, -0.099406, -0.025623, -0.994717, 0.000807, -0.004648, 0.999669, -0.025286, 0.756552, 0.0, 0.0, 0.0, 1.0],
                [0.995035, 0.002046, -0.099505, -0.00342, -0.099422, -0.025247, -0.994725, 0.000809, -0.004547, 0.999679, -0.024919, 0.756565, 0.0, 0.0, 0.0, 1.0],
                [0.995034, 0.001985, -0.099516, -0.003368, -0.099437, -0.02486, -0.994733, 0.000812, -0.004448, 0.999689, -0.024539, 0.756578, 0.0, 0.0, 0.0, 1.0],
                [0.995033, 0.001928, -0.099528, -0.003314, -0.099452, -0.024462, -0.994742, 0.000814, -0.004352, 0.999699, -0.024148, 0.756592, 0.0, 0.0, 0.0, 1.0],
                [0.995032, 0.001874, -0.09954, -0.003259, -0.099466, -0.024052, -0.99475, 0.000816, -0.004258, 0.999709, -0.023746, 0.756606, 0.0, 0.0, 0.0, 1.0],
                [0.995031, 0.001825, -0.099551, -0.003202, -0.09948, -0.023633, -0.994759, 0.000818, -0.004168, 0.999719, -0.023334, 0.75662, 0.0, 0.0, 0.0, 1.0],
                [0.99503, 0.00178, -0.099562, -0.003144, -0.099494, -0.023203, -0.994768, 0.000821, -0.00408, 0.999729, -0.022911, 0.756634, 0.0, 0.0, 0.0, 1.0],
                [0.995029, 0.001739, -0.099572, -0.003086, -0.099507, -0.022764, -0.994776, 0.000823, -0.003996, 0.999739, -0.022478, 0.756649, 0.0, 0.0, 0.0, 1.0],
                [0.995028, 0.001703, -0.099582, -0.003026, -0.09952, -0.022316, -0.994785, 0.000825, -0.003916, 0.99975, -0.022035, 0.756664, 0.0, 0.0, 0.0, 1.0],
                [0.995027, 0.001672, -0.099592, -0.002965, -0.099532, -0.021859, -0.994794, 0.000828, -0.00384, 0.99976, -0.021584, 0.75668, 0.0, 0.0, 0.0, 1.0],
                [0.995026, 0.001646, -0.099601, -0.002903, -0.099543, -0.021394, -0.994803, 0.00083, -0.003768, 0.99977, -0.021124, 0.756695, 0.0, 0.0, 0.0, 1.0],
                [0.995025, 0.001625, -0.09961, -0.00284, -0.099554, -0.020921, -0.994812, 0.000833, -0.0037, 0.99978, -0.020655, 0.756711, 0.0, 0.0, 0.0, 1.0],
                [0.995024, 0.00161, -0.099617, -0.002777, -0.099564, -0.020441, -0.994821, 0.000835, -0.003638, 0.99979, -0.020179, 0.756727, 0.0, 0.0, 0.0, 1.0],
                [0.995024, 0.0016, -0.099624, -0.002712, -0.099573, -0.019953, -0.99483, 0.000838, -0.00358, 0.9998, -0.019694, 0.756743, 0.0, 0.0, 0.0, 1.0],
                [0.995023, 0.001597, -0.09963, -0.002647, -0.099581, -0.019459, -0.994839, 0.00084, -0.003527, 0.999809, -0.019203, 0.75676, 0.0, 0.0, 0.0, 1.0],
                [0.995023, 0.001599, -0.099636, -0.002582, -0.099588, -0.018959, -0.994848, 0.000843, -0.00348, 0.999819, -0.018705, 0.756776, 0.0, 0.0, 0.0, 1.0],
                [0.995022, 0.001608, -0.09964, -0.002516, -0.099594, -0.018453, -0.994857, 0.000846, -0.003439, 0.999828, -0.018201, 0.756793, 0.0, 0.0, 0.0, 1.0],
                [0.995022, 0.001624, -0.099643, -0.002449, -0.099598, -0.017942, -0.994866, 0.000848, -0.003404, 0.999838, -0.017691, 0.756809, 0.0, 0.0, 0.0, 1.0],
                [0.995022, 0.001646, -0.099646, -0.002382, -0.099602, -0.017426, -0.994875, 0.000851, -0.003374, 0.999847, -0.017175, 0.756826, 0.0, 0.0, 0.0, 1.0],
                [0.995021, 0.00168, -0.099647, -0.002315, -0.099605, -0.016905, -0.994883, 0.000854, -0.003356, 0.999856, -0.016654, 0.756843, 0.0, 0.0, 0.0, 1.0],
                [0.995021, 0.001729, -0.099649, -0.002247, -0.099608, -0.016381, -0.994892, 0.000857, -0.003352, 0.999864, -0.016128, 0.75686, 0.0, 0.0, 0.0, 1.0],
                [0.995021, 0.001792, -0.099651, -0.00218, -0.09961, -0.015855, -0.9949, 0.000859, -0.003363, 0.999873, -0.015597, 0.756877, 0.0, 0.0, 0.0, 1.0],
                [0.99502, 0.001869, -0.099653, -0.002112, -0.099613, -0.015326, -0.994908, 0.000862, -0.003386, 0.999881, -0.015063, 0.756894, 0.0, 0.0, 0.0, 1.0],
                [0.99502, 0.001958, -0.099654, -0.002044, -0.099615, -0.014795, -0.994916, 0.000865, -0.003423, 0.999889, -0.014526, 0.756912, 0.0, 0.0, 0.0, 1.0],
                [0.99502, 0.002061, -0.099656, -0.001976, -0.099617, -0.014263, -0.994924, 0.000867, -0.003472, 0.999896, -0.013986, 0.756929, 0.0, 0.0, 0.0, 1.0],
                [0.995019, 0.002175, -0.099658, -0.001908, -0.099619, -0.01373, -0.994931, 0.00087, -0.003532, 0.999903, -0.013445, 0.756946, 0.0, 0.0, 0.0, 1.0],
                [0.995019, 0.0023, -0.099659, -0.00184, -0.099621, -0.013197, -0.994938, 0.000873, -0.003604, 0.99991, -0.012902, 0.756963, 0.0, 0.0, 0.0, 1.0],
                [0.995018, 0.002436, -0.099661, -0.001773, -0.099623, -0.012665, -0.994945, 0.000876, -0.003686, 0.999917, -0.012359, 0.75698, 0.0, 0.0, 0.0, 1.0],
                [0.995018, 0.002581, -0.099662, -0.001705, -0.099624, -0.012134, -0.994951, 0.000878, -0.003778, 0.999923, -0.011816, 0.756997, 0.0, 0.0, 0.0, 1.0],
                [0.995017, 0.002736, -0.099664, -0.001638, -0.099626, -0.011605, -0.994957, 0.000881, -0.003879, 0.999929, -0.011274, 0.757014, 0.0, 0.0, 0.0, 1.0],
                [0.995017, 0.002899, -0.099665, -0.001572, -0.099627, -0.011078, -0.994963, 0.000884, -0.003989, 0.999934, -0.010734, 0.75703, 0.0, 0.0, 0.0, 1.0],
                [0.995016, 0.003071, -0.099666, -0.001506, -0.099629, -0.010554, -0.994969, 0.000886, -0.004107, 0.99994, -0.010195, 0.757047, 0.0, 0.0, 0.0, 1.0],
                [0.995016, 0.003249, -0.099667, -0.00144, -0.09963, -0.010033, -0.994974, 0.000889, -0.004233, 0.999944, -0.009659, 0.757063, 0.0, 0.0, 0.0, 1.0],
                [0.995015, 0.003434, -0.099668, -0.001375, -0.099632, -0.009516, -0.994979, 0.000891, -0.004365, 0.999949, -0.009127, 0.75708, 0.0, 0.0, 0.0, 1.0],
                [0.995014, 0.003625, -0.099669, -0.001311, -0.099633, -0.009004, -0.994983, 0.000894, -0.004504, 0.999953, -0.008598, 0.757096, 0.0, 0.0, 0.0, 1.0],
                [0.995013, 0.003822, -0.09967, -0.001247, -0.099635, -0.008497, -0.994988, 0.000897, -0.004649, 0.999957, -0.008074, 0.757112, 0.0, 0.0, 0.0, 1.0],
                [0.995012, 0.004023, -0.09967, -0.001185, -0.099636, -0.007996, -0.994992, 0.000899, -0.004799, 0.99996, -0.007555, 0.757128, 0.0, 0.0, 0.0, 1.0],
                [0.995012, 0.004228, -0.099671, -0.001123, -0.099637, -0.007501, -0.994996, 0.000902, -0.004954, 0.999963, -0.007042, 0.757143, 0.0, 0.0, 0.0, 1.0],
                [0.995011, 0.004436, -0.099671, -0.001062, -0.099639, -0.007013, -0.994999, 0.000904, -0.005113, 0.999965, -0.006536, 0.757159, 0.0, 0.0, 0.0, 1.0],
                [0.99501, 0.004647, -0.099671, -0.001002, -0.09964, -0.006533, -0.995002, 0.000906, -0.005275, 0.999968, -0.006037, 0.757174, 0.0, 0.0, 0.0, 1.0],
                [0.995009, 0.00486, -0.099671, -0.000943, -0.099641, -0.00606, -0.995005, 0.000909, -0.00544, 0.99997, -0.005546, 0.757188, 0.0, 0.0, 0.0, 1.0],
                [0.995007, 0.005075, -0.099671, -0.000886, -0.099643, -0.005597, -0.995007, 0.000911, -0.005607, 0.999971, -0.005063, 0.757203, 0.0, 0.0, 0.0, 1.0],
                [0.995006, 0.00529, -0.099671, -0.000829, -0.099644, -0.005142, -0.99501, 0.000913, -0.005777, 0.999973, -0.004589, 0.757217, 0.0, 0.0, 0.0, 1.0],
                [0.995005, 0.005506, -0.099671, -0.000774, -0.099646, -0.004697, -0.995012, 0.000916, -0.005947, 0.999974, -0.004125, 0.757231, 0.0, 0.0, 0.0, 1.0],
                [0.995004, 0.005721, -0.099671, -0.00072, -0.099647, -0.004263, -0.995014, 0.000918, -0.006117, 0.999975, -0.003672, 0.757245, 0.0, 0.0, 0.0, 1.0],
                [0.995003, 0.005935, -0.09967, -0.000668, -0.099648, -0.003839, -0.995015, 0.00092, -0.006288, 0.999975, -0.003229, 0.757258, 0.0, 0.0, 0.0, 1.0],
                [0.995002, 0.006147, -0.099669, -0.000617, -0.09965, -0.003428, -0.995017, 0.000922, -0.006458, 0.999975, -0.002798, 0.757271, 0.0, 0.0, 0.0, 1.0],
                [0.995, 0.006356, -0.099669, -0.000567, -0.099651, -0.003028, -0.995018, 0.000924, -0.006627, 0.999975, -0.002379, 0.757283, 0.0, 0.0, 0.0, 1.0],
                [0.994999, 0.006563, -0.099668, -0.000519, -0.099653, -0.002641, -0.995019, 0.000926, -0.006793, 0.999975, -0.001973, 0.757295, 0.0, 0.0, 0.0, 1.0],
                [0.994998, 0.006766, -0.099667, -0.000473, -0.099654, -0.002267, -0.995019, 0.000928, -0.006958, 0.999975, -0.001581, 0.757307, 0.0, 0.0, 0.0, 1.0],
                [0.994997, 0.006964, -0.099666, -0.000429, -0.099655, -0.001907, -0.99502, 0.000929, -0.007119, 0.999974, -0.001203, 0.757318, 0.0, 0.0, 0.0, 1.0],
                [0.994995, 0.007157, -0.099665, -0.000386, -0.099657, -0.001561, -0.995021, 0.000931, -0.007277, 0.999973, -0.00084, 0.757329, 0.0, 0.0, 0.0, 1.0],
                [0.994994, 0.007345, -0.099664, -0.000345, -0.099658, -0.00123, -0.995021, 0.000933, -0.007431, 0.999972, -0.000492, 0.757339, 0.0, 0.0, 0.0, 1.0],
                [0.994993, 0.007526, -0.099663, -0.000307, -0.099659, -0.000915, -0.995021, 0.000934, -0.00758, 0.999971, -0.000161, 0.757349, 0.0, 0.0, 0.0, 1.0],
                [0.994992, 0.0077, -0.099662, -0.00027, -0.099661, -0.000616, -0.995021, 0.000936, -0.007723, 0.99997, 0.000154, 0.757358, 0.0, 0.0, 0.0, 1.0],
                [0.99499, 0.007867, -0.099661, -0.000235, -0.099662, -0.000334, -0.995021, 0.000937, -0.007861, 0.999969, 0.000451, 0.757367, 0.0, 0.0, 0.0, 1.0],
                [0.994989, 0.008025, -0.09966, -0.000203, -0.099663, -6.9e-05, -0.995021, 0.000938, -0.007992, 0.999968, 0.000731, 0.757375, 0.0, 0.0, 0.0, 1.0],
                [0.994988, 0.008174, -0.099659, -0.000172, -0.099664, 0.000178, -0.995021, 0.00094, -0.008116, 0.999967, 0.000991, 0.757383, 0.0, 0.0, 0.0, 1.0],
                [0.994987, 0.008314, -0.099658, -0.000144, -0.099665, 0.000406, -0.995021, 0.000941, -0.008232, 0.999965, 0.001233, 0.75739, 0.0, 0.0, 0.0, 1.0],
                [0.994986, 0.008444, -0.099657, -0.000119, -0.099666, 0.000616, -0.995021, 0.000942, -0.00834, 0.999964, 0.001454, 0.757396, 0.0, 0.0, 0.0, 1.0],
                [0.994985, 0.008562, -0.099656, -9.6e-05, -0.099667, 0.000806, -0.99502, 0.000943, -0.008439, 0.999963, 0.001655, 0.757402, 0.0, 0.0, 0.0, 1.0],
                [0.994984, 0.008669, -0.099656, -7.5e-05, -0.099668, 0.000976, -0.99502, 0.000944, -0.008529, 0.999962, 0.001835, 0.757407, 0.0, 0.0, 0.0, 1.0],
                [0.994983, 0.008764, -0.099655, -5.7e-05, -0.099668, 0.001125, -0.99502, 0.000944, -0.008608, 0.999961, 0.001992, 0.757412, 0.0, 0.0, 0.0, 1.0],
                [0.994983, 0.008846, -0.099654, -4.1e-05, -0.099669, 0.001252, -0.99502, 0.000945, -0.008677, 0.99996, 0.002128, 0.757416, 0.0, 0.0, 0.0, 1.0],
                [0.994982, 0.008915, -0.099654, -2.8e-05, -0.09967, 0.001358, -0.99502, 0.000945, -0.008735, 0.999959, 0.00224, 0.757419, 0.0, 0.0, 0.0, 1.0],
                [0.994982, 0.008969, -0.099653, -1.8e-05, -0.09967, 0.001441, -0.995019, 0.000946, -0.008781, 0.999959, 0.002328, 0.757421, 0.0, 0.0, 0.0, 1.0],
                [0.994981, 0.009009, -0.099653, -1.1e-05, -0.09967, 0.001501, -0.995019, 0.000946, -0.008815, 0.999958, 0.002392, 0.757423, 0.0, 0.0, 0.0, 1.0],
                [0.994981, 0.009033, -0.099653, -6e-06, -0.09967, 0.001538, -0.995019, 0.000946, -0.008835, 0.999958, 0.002431, 0.757424, 0.0, 0.0, 0.0, 1.0],
                [0.994981, 0.009042, -0.099653, -5e-06, -0.09967, 0.00155, -0.995019, 0.000946, -0.008842, 0.999958, 0.002444, 0.757425, 0.0, 0.0, 0.0, 1.0],
                [0.994981, 0.00904, -0.099653, -6e-06, -0.09967, 0.001539, -0.995019, 0.000946, -0.008842, 0.999958, 0.002432, 0.757424, 0.0, 0.0, 0.0, 1.0],
                [0.994981, 0.009035, -0.099653, -1.1e-05, -0.09967, 0.001505, -0.995019, 0.000946, -0.00884, 0.999958, 0.002398, 0.757423, 0.0, 0.0, 0.0, 1.0],
                [0.994981, 0.009026, -0.099653, -1.8e-05, -0.09967, 0.00145, -0.995019, 0.000946, -0.008836, 0.999958, 0.002342, 0.757421, 0.0, 0.0, 0.0, 1.0],
                [0.994981, 0.009014, -0.099653, -2.8e-05, -0.09967, 0.001373, -0.99502, 0.000945, -0.008832, 0.999958, 0.002265, 0.757419, 0.0, 0.0, 0.0, 1.0],
                [0.994981, 0.008998, -0.099654, -4.1e-05, -0.099669, 0.001276, -0.99502, 0.000945, -0.008827, 0.999959, 0.002166, 0.757416, 0.0, 0.0, 0.0, 1.0],
                [0.994982, 0.00898, -0.099654, -5.7e-05, -0.099669, 0.001158, -0.99502, 0.000944, -0.00882, 0.999959, 0.002047, 0.757412, 0.0, 0.0, 0.0, 1.0],
                [0.994982, 0.008959, -0.099655, -7.5e-05, -0.099668, 0.00102, -0.99502, 0.000944, -0.008812, 0.999959, 0.001908, 0.757407, 0.0, 0.0, 0.0, 1.0],
                [0.994982, 0.008934, -0.099655, -9.6e-05, -0.099667, 0.000863, -0.99502, 0.000943, -0.008804, 0.99996, 0.001749, 0.757402, 0.0, 0.0, 0.0, 1.0],
                [0.994982, 0.008907, -0.099656, -0.000119, -0.099666, 0.000687, -0.995021, 0.000942, -0.008794, 0.99996, 0.001571, 0.757396, 0.0, 0.0, 0.0, 1.0],
                [0.994982, 0.008877, -0.099657, -0.000144, -0.099665, 0.000493, -0.995021, 0.000941, -0.008784, 0.99996, 0.001375, 0.75739, 0.0, 0.0, 0.0, 1.0],
                [0.994982, 0.008845, -0.099658, -0.000172, -0.099664, 0.00028, -0.995021, 0.00094, -0.008773, 0.999961, 0.00116, 0.757383, 0.0, 0.0, 0.0, 1.0],
                [0.994983, 0.00881, -0.099658, -0.000203, -0.099663, 5.1e-05, -0.995021, 0.000938, -0.008761, 0.999961, 0.000928, 0.757375, 0.0, 0.0, 0.0, 1.0],
                [0.994983, 0.008773, -0.099659, -0.000235, -0.099661, -0.000196, -0.995021, 0.000937, -0.008749, 0.999961, 0.000679, 0.757367, 0.0, 0.0, 0.0, 1.0],
                [0.994983, 0.008733, -0.09966, -0.00027, -0.09966, -0.000459, -0.995021, 0.000936, -0.008735, 0.999962, 0.000414, 0.757358, 0.0, 0.0, 0.0, 1.0],
                [0.994983, 0.008691, -0.099661, -0.000307, -0.099658, -0.000738, -0.995021, 0.000934, -0.008722, 0.999962, 0.000132, 0.757349, 0.0, 0.0, 0.0, 1.0],
                [0.994984, 0.008647, -0.099662, -0.000345, -0.099656, -0.001033, -0.995021, 0.000933, -0.008707, 0.999962, -0.000166, 0.757339, 0.0, 0.0, 0.0, 1.0],
                [0.994984, 0.008602, -0.099662, -0.000386, -0.099655, -0.001342, -0.995021, 0.000931, -0.008692, 0.999962, -0.000478, 0.757329, 0.0, 0.0, 0.0, 1.0],
                [0.994984, 0.008554, -0.099663, -0.000429, -0.099653, -0.001666, -0.995021, 0.000929, -0.008677, 0.999962, -0.000805, 0.757318, 0.0, 0.0, 0.0, 1.0],
                [0.994985, 0.008504, -0.099664, -0.000473, -0.09965, -0.002004, -0.995021, 0.000928, -0.008662, 0.999962, -0.001146, 0.757307, 0.0, 0.0, 0.0, 1.0],
                [0.994985, 0.008453, -0.099665, -0.000519, -0.099648, -0.002355, -0.99502, 0.000926, -0.008646, 0.999961, -0.001501, 0.757295, 0.0, 0.0, 0.0, 1.0],
                [0.994986, 0.0084, -0.099665, -0.000567, -0.099646, -0.00272, -0.995019, 0.000924, -0.008629, 0.999961, -0.001869, 0.757283, 0.0, 0.0, 0.0, 1.0],
                [0.994986, 0.008346, -0.099666, -0.000617, -0.099643, -0.003096, -0.995018, 0.000922, -0.008613, 0.99996, -0.002249, 0.757271, 0.0, 0.0, 0.0, 1.0],
                [0.994986, 0.00829, -0.099666, -0.000668, -0.099641, -0.003485, -0.995017, 0.00092, -0.008597, 0.99996, -0.002642, 0.757258, 0.0, 0.0, 0.0, 1.0],
                [0.994987, 0.008234, -0.099667, -0.00072, -0.099638, -0.003886, -0.995016, 0.000918, -0.00858, 0.999959, -0.003046, 0.757245, 0.0, 0.0, 0.0, 1.0],
                [0.994987, 0.008176, -0.099667, -0.000774, -0.099635, -0.004298, -0.995015, 0.000916, -0.008563, 0.999957, -0.003461, 0.757231, 0.0, 0.0, 0.0, 1.0],
                [0.994988, 0.008116, -0.099668, -0.000829, -0.099632, -0.00472, -0.995013, 0.000913, -0.008546, 0.999956, -0.003887, 0.757217, 0.0, 0.0, 0.0, 1.0],
                [0.994988, 0.008056, -0.099668, -0.000886, -0.099629, -0.005152, -0.995011, 0.000911, -0.00853, 0.999954, -0.004324, 0.757203, 0.0, 0.0, 0.0, 1.0],
                [0.994989, 0.007996, -0.099668, -0.000943, -0.099625, -0.005594, -0.995009, 0.000909, -0.008513, 0.999952, -0.004769, 0.757189, 0.0, 0.0, 0.0, 1.0],
                [0.994989, 0.007934, -0.099668, -0.001002, -0.099622, -0.006045, -0.995007, 0.000906, -0.008497, 0.99995, -0.005224, 0.757174, 0.0, 0.0, 0.0, 1.0],
                [0.99499, 0.007872, -0.099668, -0.001062, -0.099618, -0.006505, -0.995004, 0.000904, -0.008481, 0.999948, -0.005688, 0.757159, 0.0, 0.0, 0.0, 1.0],
                [0.99499, 0.007809, -0.099668, -0.001123, -0.099614, -0.006972, -0.995002, 0.000902, -0.008465, 0.999945, -0.006159, 0.757143, 0.0, 0.0, 0.0, 1.0],
                [0.994991, 0.007746, -0.099667, -0.001185, -0.09961, -0.007448, -0.994999, 0.000899, -0.008449, 0.999942, -0.006639, 0.757128, 0.0, 0.0, 0.0, 1.0],
                [0.994991, 0.007682, -0.099667, -0.001247, -0.099606, -0.00793, -0.994995, 0.000897, -0.008434, 0.999939, -0.007125, 0.757112, 0.0, 0.0, 0.0, 1.0],
                [0.994992, 0.007618, -0.099666, -0.001311, -0.099602, -0.008419, -0.994992, 0.000894, -0.008419, 0.999935, -0.007618, 0.757096, 0.0, 0.0, 0.0, 1.0],
                [0.994992, 0.007554, -0.099666, -0.001375, -0.099598, -0.008915, -0.994988, 0.000891, -0.008405, 0.999932, -0.008118, 0.75708, 0.0, 0.0, 0.0, 1.0],
                [0.994993, 0.00749, -0.099665, -0.00144, -0.099593, -0.009416, -0.994984, 0.000889, -0.008391, 0.999928, -0.008623, 0.757063, 0.0, 0.0, 0.0, 1.0],
                [0.994993, 0.007427, -0.099664, -0.001506, -0.099588, -0.009922, -0.994979, 0.000886, -0.008378, 0.999923, -0.009133, 0.757047, 0.0, 0.0, 0.0, 1.0],
                [0.994994, 0.007363, -0.099663, -0.001572, -0.099583, -0.010433, -0.994975, 0.000884, -0.008366, 0.999918, -0.009648, 0.75703, 0.0, 0.0, 0.0, 1.0],
                [0.994995, 0.007299, -0.099661, -0.001638, -0.099578, -0.010948, -0.994969, 0.000881, -0.008354, 0.999913, -0.010167, 0.757014, 0.0, 0.0, 0.0, 1.0],
                [0.994995, 0.007236, -0.09966, -0.001705, -0.099573, -0.011467, -0.994964, 0.000878, -0.008343, 0.999908, -0.010689, 0.756997, 0.0, 0.0, 0.0, 1.0],
                [0.994996, 0.007174, -0.099658, -0.001773, -0.099567, -0.01199, -0.994959, 0.000876, -0.008333, 0.999902, -0.011215, 0.75698, 0.0, 0.0, 0.0, 1.0],
                [0.994997, 0.007112, -0.099655, -0.00184, -0.099561, -0.012514, -0.994953, 0.000873, -0.008323, 0.999896, -0.011744, 0.756963, 0.0, 0.0, 0.0, 1.0],
                [0.994997, 0.00705, -0.099652, -0.001908, -0.099555, -0.013042, -0.994947, 0.00087, -0.008314, 0.99989, -0.012274, 0.756946, 0.0, 0.0, 0.0, 1.0],
                [0.994998, 0.006989, -0.099648, -0.001976, -0.099547, -0.01357, -0.99494, 0.000867, -0.008306, 0.999883, -0.012807, 0.756929, 0.0, 0.0, 0.0, 1.0],
                [0.994999, 0.006928, -0.099644, -0.002044, -0.09954, -0.0141, -0.994934, 0.000865, -0.008298, 0.999877, -0.01334, 0.756912, 0.0, 0.0, 0.0, 1.0],
                [0.995, 0.006867, -0.09964, -0.002112, -0.099531, -0.01463, -0.994927, 0.000862, -0.00829, 0.999869, -0.013873, 0.756894, 0.0, 0.0, 0.0, 1.0],
                [0.995001, 0.006807, -0.099635, -0.00218, -0.099523, -0.01516, -0.99492, 0.000859, -0.008283, 0.999862, -0.014407, 0.756877, 0.0, 0.0, 0.0, 1.0],
                [0.995002, 0.006747, -0.099629, -0.002247, -0.099514, -0.01569, -0.994913, 0.000857, -0.008276, 0.999854, -0.01494, 0.75686, 0.0, 0.0, 0.0, 1.0],
                [0.995003, 0.006687, -0.099623, -0.002315, -0.099504, -0.016218, -0.994905, 0.000854, -0.008269, 0.999846, -0.015472, 0.756843, 0.0, 0.0, 0.0, 1.0],
                [0.995004, 0.006627, -0.099617, -0.002382, -0.099494, -0.016745, -0.994897, 0.000851, -0.008262, 0.999838, -0.016002, 0.756826, 0.0, 0.0, 0.0, 1.0],
                [0.995005, 0.006568, -0.09961, -0.002449, -0.099484, -0.01727, -0.994889, 0.000848, -0.008254, 0.999829, -0.01653, 0.756809, 0.0, 0.0, 0.0, 1.0],
                [0.995006, 0.006508, -0.099603, -0.002516, -0.099474, -0.017791, -0.994881, 0.000846, -0.008247, 0.999821, -0.017055, 0.756793, 0.0, 0.0, 0.0, 1.0],
                [0.995007, 0.006449, -0.099595, -0.002582, -0.099463, -0.01831, -0.994873, 0.000843, -0.008239, 0.999812, -0.017577, 0.756776, 0.0, 0.0, 0.0, 1.0],
                [0.995008, 0.006389, -0.099588, -0.002647, -0.099452, -0.018824, -0.994864, 0.00084, -0.008231, 0.999802, -0.018095, 0.75676, 0.0, 0.0, 0.0, 1.0],
                [0.995009, 0.00633, -0.09958, -0.002712, -0.099441, -0.019334, -0.994856, 0.000838, -0.008223, 0.999793, -0.018608, 0.756743, 0.0, 0.0, 0.0, 1.0],
                [0.995011, 0.00627, -0.099572, -0.002777, -0.09943, -0.019839, -0.994847, 0.000835, -0.008214, 0.999784, -0.019116, 0.756727, 0.0, 0.0, 0.0, 1.0],
                [0.995012, 0.006211, -0.099563, -0.00284, -0.099419, -0.020338, -0.994838, 0.000833, -0.008204, 0.999774, -0.019619, 0.756711, 0.0, 0.0, 0.0, 1.0],
                [0.995013, 0.006151, -0.099555, -0.002903, -0.099407, -0.020832, -0.994829, 0.00083, -0.008193, 0.999764, -0.020116, 0.756695, 0.0, 0.0, 0.0, 1.0],
                [0.995014, 0.006091, -0.099546, -0.002965, -0.099396, -0.021318, -0.99482, 0.000828, -0.008182, 0.999754, -0.020607, 0.75668, 0.0, 0.0, 0.0, 1.0],
                [0.995016, 0.006031, -0.099537, -0.003026, -0.099384, -0.021798, -0.99481, 0.000825, -0.00817, 0.999744, -0.02109, 0.756664, 0.0, 0.0, 0.0, 1.0],
                [0.995017, 0.005971, -0.099528, -0.003086, -0.099373, -0.022269, -0.994801, 0.000823, -0.008156, 0.999734, -0.021565, 0.756649, 0.0, 0.0, 0.0, 1.0],
                [0.995018, 0.00591, -0.099519, -0.003144, -0.099361, -0.022733, -0.994792, 0.000821, -0.008142, 0.999724, -0.022032, 0.756634, 0.0, 0.0, 0.0, 1.0],
                [0.995019, 0.005849, -0.099509, -0.003202, -0.099349, -0.023187, -0.994782, 0.000818, -0.008126, 0.999714, -0.022491, 0.75662, 0.0, 0.0, 0.0, 1.0],
                [0.995021, 0.005788, -0.0995, -0.003259, -0.099338, -0.023633, -0.994773, 0.000816, -0.008109, 0.999704, -0.02294, 0.756606, 0.0, 0.0, 0.0, 1.0],
                [0.995022, 0.005726, -0.099491, -0.003314, -0.099326, -0.024068, -0.994764, 0.000814, -0.008091, 0.999694, -0.023379, 0.756592, 0.0, 0.0, 0.0, 1.0],
                [0.995023, 0.005664, -0.099482, -0.003368, -0.099315, -0.024493, -0.994755, 0.000812, -0.008071, 0.999684, -0.023808, 0.756578, 0.0, 0.0, 0.0, 1.0],
                [0.995025, 0.005602, -0.099472, -0.00342, -0.099304, -0.024906, -0.994745, 0.000809, -0.00805, 0.999674, -0.024226, 0.756565, 0.0, 0.0, 0.0, 1.0],
                [0.995026, 0.005539, -0.099463, -0.003471, -0.099293, -0.025308, -0.994736, 0.000807, -0.008027, 0.999664, -0.024633, 0.756552, 0.0, 0.0, 0.0, 1.0],
                [0.995027, 0.005475, -0.099454, -0.003521, -0.099283, -0.025698, -0.994727, 0.000805, -0.008002, 0.999655, -0.025027, 0.75654, 0.0, 0.0, 0.0, 1.0],
                [0.995028, 0.005411, -0.099445, -0.003568, -0.099272, -0.026076, -0.994719, 0.000804, -0.007976, 0.999645, -0.025409, 0.756528, 0.0, 0.0, 0.0, 1.0],
                [0.99503, 0.005346, -0.099436, -0.003614, -0.099262, -0.02644, -0.99471, 0.000802, -0.007947, 0.999636, -0.025777, 0.756516, 0.0, 0.0, 0.0, 1.0],
                [0.995031, 0.005281, -0.099427, -0.003659, -0.099252, -0.02679, -0.994702, 0.0008, -0.007917, 0.999627, -0.026132, 0.756505, 0.0, 0.0, 0.0, 1.0],
                [0.995032, 0.005215, -0.099419, -0.003701, -0.099243, -0.027126, -0.994693, 0.000798, -0.007884, 0.999618, -0.026473, 0.756494, 0.0, 0.0, 0.0, 1.0],
                [0.995033, 0.005148, -0.09941, -0.003742, -0.099234, -0.027446, -0.994686, 0.000797, -0.007849, 0.99961, -0.026799, 0.756484, 0.0, 0.0, 0.0, 1.0],
                [0.995034, 0.00508, -0.099402, -0.003781, -0.099225, -0.027752, -0.994678, 0.000795, -0.007812, 0.999602, -0.02711, 0.756474, 0.0, 0.0, 0.0, 1.0],
                [0.995036, 0.005012, -0.099394, -0.003818, -0.099217, -0.028042, -0.994671, 0.000794, -0.007772, 0.999594, -0.027405, 0.756465, 0.0, 0.0, 0.0, 1.0],
                [0.995037, 0.004943, -0.099387, -0.003852, -0.099209, -0.028314, -0.994664, 0.000792, -0.007731, 0.999587, -0.027684, 0.756456, 0.0, 0.0, 0.0, 1.0],
                [0.995038, 0.004873, -0.099379, -0.003885, -0.099201, -0.02857, -0.994657, 0.000791, -0.007686, 0.99958, -0.027945, 0.756448, 0.0, 0.0, 0.0, 1.0],
                [0.995039, 0.004802, -0.099372, -0.003915, -0.099195, -0.028809, -0.994651, 0.00079, -0.007639, 0.999573, -0.028189, 0.75644, 0.0, 0.0, 0.0, 1.0],
                [0.99504, 0.00473, -0.099366, -0.003943, -0.099188, -0.029029, -0.994645, 0.000789, -0.007589, 0.999567, -0.028415, 0.756433, 0.0, 0.0, 0.0, 1.0],
                [0.995041, 0.004657, -0.09936, -0.003969, -0.099183, -0.02923, -0.99464, 0.000787, -0.007536, 0.999562, -0.028623, 0.756427, 0.0, 0.0, 0.0, 1.0],
                [0.995042, 0.004583, -0.099354, -0.003992, -0.099178, -0.029412, -0.994635, 0.000787, -0.00748, 0.999557, -0.028811, 0.756421, 0.0, 0.0, 0.0, 1.0],
                [0.995042, 0.004508, -0.099348, -0.004013, -0.099173, -0.029574, -0.994631, 0.000786, -0.007422, 0.999552, -0.02898, 0.756416, 0.0, 0.0, 0.0, 1.0],
                [0.995043, 0.004432, -0.099343, -0.004031, -0.09917, -0.029716, -0.994627, 0.000785, -0.00736, 0.999549, -0.029129, 0.756411, 0.0, 0.0, 0.0, 1.0],
                [0.995044, 0.004355, -0.099339, -0.004047, -0.099166, -0.029837, -0.994623, 0.000784, -0.007295, 0.999545, -0.029257, 0.756407, 0.0, 0.0, 0.0, 1.0],
                [0.995045, 0.004276, -0.099335, -0.00406, -0.099164, -0.029936, -0.994621, 0.000784, -0.007227, 0.999543, -0.029363, 0.756404, 0.0, 0.0, 0.0, 1.0],
                [0.995046, 0.004196, -0.099332, -0.00407, -0.099163, -0.030013, -0.994619, 0.000783, -0.007155, 0.999541, -0.029448, 0.756402, 0.0, 0.0, 0.0, 1.0],
                [0.995046, 0.004116, -0.099329, -0.004077, -0.099162, -0.030068, -0.994617, 0.000783, -0.00708, 0.999539, -0.029511, 0.7564, 0.0, 0.0, 0.0, 1.0],
                [0.995047, 0.004033, -0.099327, -0.004082, -0.099162, -0.030099, -0.994616, 0.000783, -0.007001, 0.999539, -0.02955, 0.756399, 0.0, 0.0, 0.0, 1.0],
                [0.995047, 0.00395, -0.099325, -0.004083, -0.099163, -0.030107, -0.994616, 0.000783, -0.006919, 0.999539, -0.029566, 0.756398, 0.0, 0.0, 0.0, 1.0]
            ]
        },
        {
            "name": "Thigh_R",
            "time": [0.0, 0.0167, 0.0333, 0.05, 0.0667, 0.0833, 0.1, 0.1167, 0.1333, 0.15, 0.1667, 0.1833, 0.2, 0.2167, 0.2333, 0.25, 0.2667, 0.2833, 0.3, 0.3167, 0.3333, 0.35, 0.3667, 0.3833, 0.4, 0.4167, 0.4333, 0.45, 0.4667, 0.4833, 0.5, 0.5167, 0.5333, 0.55, 0.5667, 0.5833, 0.6, 0.6167, 0.6333, 0.65, 0.6667, 0.6833, 0.7, 0.7167, 0.7333, 0.75, 0.7667, 0.7833, 0.8, 0.8167, 0.8333, 0.85, 0.8667, 0.8833, 0.9, 0.9167, 0.9333, 0.95, 0.9667, 0.9833, 1.0, 1.0167, 1.0333, 1.05, 1.0667, 1.0833, 1.1, 1.1167, 1.1333, 1.15, 1.1667, 1.1833, 1.2, 1.2167, 1.2333, 1.25, 1.2667, 1.2833, 1.3, 1.3167, 1.3333, 1.35, 1.3667, 1.3833, 1.4, 1.4167, 1.4333, 1.45, 1.4667, 1.4833, 1.5, 1.5167, 1.5333, 1.55, 1.5667, 1.5833, 1.6, 1.6167, 1.6333, 1.65, 1.6667, 1.6833, 1.7, 1.7167, 1.7333, 1.75, 1.7667, 1.7833, 1.8, 1.8167, 1.8333, 1.85, 1.8667, 1.8833, 1.9, 1.9167, 1.9333, 1.95, 1.9667, 1.9833, 2.0, 2.0167, 2.0333, 2.05, 2.0667, 2.0833, 2.1, 2.1167, 2.1333, 2.15, 2.1667, 2.1833, 2.2, 2.2167, 2.2333, 2.25, 2.2667, 2.2833, 2.3, 2.3167, 2.3333, 2.35, 2.3667, 2.3833, 2.4, 2.4167, 2.4333, 2.45, 2.4667, 2.4833, 2.5, 2.5167, 2.5333, 2.55, 2.5667, 2.5833, 2.6, 2.6167, 2.6333, 2.65, 2.6667, 2.6833, 2.7, 2.7167, 2.7333, 2.75, 2.7667, 2.7833, 2.8, 2.8167, 2.8333, 2.85, 2.8667, 2.8833, 2.9, 2.9167, 2.9333, 2.95, 2.9667, 2.9833, 3.0],
            "transform": [
                [0.989007, 0.1356, 0.058963, 0.124994, 0.137498, -0.990065, -0.029408, -0.002831, 0.054389, 0.037192, -0.997827, -1.2e-05, 0.0, 0.0, 0.0, 1.0],
                [0.98902, 0.135499, 0.058987, 0.124994, 0.137409, -0.990072, -0.029605, -0.002831, 0.054389, 0.037386, -0.997819, -1.2e-05, 0.0, 0.0, 0.0, 1.0],
                [0.989034, 0.135389, 0.059011, 0.124994, 0.13731, -0.99008, -0.029804, -0.002831, 0.05439, 0.03758, -0.997813, -1.2e-05, 0.0, 0.0, 0.0, 1.0],
                [0.989049, 0.135271, 0.059034, 0.124994, 0.137204, -0.990089, -0.029995, -0.002831, 0.054391, 0.037766, -0.997805, -1.2e-05, 0.0, 0.0, 0.0, 1.0],
                [0.989064, 0.135146, 0.059056, 0.124994, 0.137089, -0.990099, -0.030177, -0.002831, 0.054393, 0.037943, -0.997798, -1.2e-05, 0.0, 0.0, 0.0, 1.0],
                [0.989081, 0.135013, 0.059079, 0.124994, 0.136967, -0.99011, -0.03036, -0.002831, 0.054395, 0.03812, -0.997792, -1.2e-05, 0.0, 0.0, 0.0, 1.0],
                [0.989099, 0.134874, 0.0591, 0.124994, 0.136838, -0.990123, -0.030536, -0.002831, 0.054398, 0.03829, -0.997785, -1.2e-05, 0.0, 0.0, 0.0, 1.0],
                [0.989117, 0.134728, 0.059121, 0.124994, 0.136702, -0.990136, -0.030705, -0.002831, 0.054401, 0.038453, -0.997778, -1.2e-05, 0.0, 0.0, 0.0, 1.0],
                [0.989137, 0.134576, 0.059142, 0.124994, 0.13656, -0.990151, -0.030872, -0.002831, 0.054405, 0.038613, -0.997772, -1.2e-05, 0.0, 0.0, 0.0, 1.0],
                [0.989157, 0.134419, 0.059162, 0.124994, 0.136412, -0.990166, -0.031031, -0.002831, 0.05441, 0.038765, -0.997766, -1.2e-05, 0.0, 0.0, 0.0, 1.0],
                [0.989178, 0.134255, 0.059183, 0.124994, 0.136258, -0.990182, -0.031187, -0.002831, 0.054415, 0.038914, -0.997759, -1.2e-05, 0.0, 0.0, 0.0, 1.0],
                [0.9892, 0.134088, 0.059202, 0.124994, 0.136098, -0.9902, -0.031334, -0.002831, 0.05442, 0.039053, -0.997754, -1.2e-05, 0.0, 0.0, 0.0, 1.0],
                [0.989222, 0.133916, 0.05922, 0.124994, 0.135934, -0.990218, -0.031471, -0.002831, 0.054427, 0.039182, -0.997749, -1.2e-05, 0.0, 0.0, 0.0, 1.0],
                [0.989245, 0.133739, 0.05924, 0.124994, 0.135766, -0.990237, -0.03161, -0.002831, 0.054434, 0.039313, -0.997743, -1.2e-05, 0.0, 0.0, 0.0, 1.0],
                [0.989268, 0.133559, 0.059257, 0.124994, 0.135593, -0.990257, -0.031733, -0.002831, 0.054442, 0.039427, -0.997738, -1.2e-05, 0.0, 0.0, 0.0, 1.0],
                [0.989291, 0.133376, 0.059274, 0.124994, 0.135416, -0.990277, -0.031843, -0.002831, 0.05445, 0.039529, -0.997734, -1.2e-05, 0.0, 0.0, 0.0, 1.0],
                [0.989315, 0.133189, 0.059292, 0.124994, 0.135236, -0.990298, -0.03196, -0.002831, 0.05446, 0.039637, -0.997729, -1.2e-05, 0.0, 0.0, 0.0, 1.0],
                [0.98934, 0.132999, 0.059309, 0.124994, 0.135053, -0.990319, -0.032066, -0.002831, 0.05447, 0.039734, -0.997724, -1.2e-05, 0.0, 0.0, 0.0, 1.0],
                [0.989365, 0.132809, 0.059324, 0.124994, 0.134868, -0.990342, -0.032153, -0.002831, 0.054481, 0.039812, -0.997721, -1.2e-05, 0.0, 0.0, 0.0, 1.0],
                [0.98939, 0.132615, 0.05934, 0.124994, 0.13468, -0.990364, -0.032242, -0.002831, 0.054493, 0.039892, -0.997717, -1.2e-05, 0.0, 0.0, 0.0, 1.0],
                [0.989415, 0.132421, 0.059355, 0.124994, 0.13449, -0.990388, -0.032315, -0.002831, 0.054505, 0.039955, -0.997714, -1.2e-05, 0.0, 0.0, 0.0, 1.0],
                [0.98944, 0.132226, 0.05937, 0.124994, 0.134298, -0.990412, -0.032379, -0.002831, 0.054519, 0.04001, -0.997711, -1.2e-05, 0.0, 0.0, 0.0, 1.0],
                [0.989465, 0.13203, 0.059384, 0.124994, 0.134106, -0.990436, -0.032436, -0.002831, 0.054534, 0.040058, -0.997708, -1.2e-05, 0.0, 0.0, 0.0, 1.0],
                [0.989491, 0.131833, 0.059398, 0.124994, 0.133912, -0.990461, -0.032483, -0.002831, 0.054549, 0.040096, -0.997706, -1.2e-05, 0.0, 0.0, 0.0, 1.0],
                [0.989516, 0.131637, 0.059413, 0.124994, 0.133719, -0.990485, -0.032525, -0.002831, 0.054566, 0.040128, -0.997703, -1.2e-05, 0.0, 0.0, 0.0, 1.0],
                [0.989541, 0.131442, 0.059425, 0.124994, 0.133525, -0.990511, -0.032543, -0.002831, 0.054584, 0.040137, -0.997702, -1.2e-05, 0.0, 0.0, 0.0, 1.0],
                [0.989567, 0.131247, 0.059438, 0.124994, 0.133331, -0.990537, -0.032558, -0.002831, 0.054602, 0.040144, -0.997701, -1.2e-05, 0.0, 0.0, 0.0, 1.0],
                [0.989591, 0.131054, 0.05945, 0.124994, 0.133138, -0.990563, -0.032561, -0.002831, 0.054622, 0.040137, -0.9977, -1.2e-05, 0.0, 0.0, 0.0, 1.0],
                [0.989615, 0.130862, 0.059462, 0.124994, 0.132946, -0.990589, -0.032546, -0.002831, 0.054643, 0.040114, -0.9977, -1.2e-05, 0.0, 0.0, 0.0, 1.0],
                [0.98964, 0.130673, 0.059473, 0.124994, 0.132756, -0.990615, -0.032526, -0.002831, 0.054665, 0.040085, -0.997699, -1.2e-05, 0.0, 0.0, 0.0, 1.0],
                [0.989664, 0.13048, 0.059498, 0.124994, 0.132567, -0.990638, -0.032592, -0.002831, 0.054688, 0.040142, -0.997696, -1.2e-05, 0.0, 0.0, 0.0, 1.0],
                [0.989688, 0.130296, 0.059509, 0.124994, 0.132381, -0.990665, -0.032547, -0.002831, 0.054713, 0.040089, -0.997697, -1.2e-05, 0.0, 0.0, 0.0, 1.0],
                [0.989711, 0.130115, 0.059519, 0.124994, 0.132197, -0.990691, -0.032488, -0.002831, 0.054738, 0.040022, -0.997698, -1.2e-05, 0.0, 0.0, 0.0, 1.0],
                [0.989734, 0.129938, 0.059529, 0.124994, 0.132016, -0.990718, -0.032411, -0.002831, 0.054765, 0.039937, -0.9977, -1.2e-05, 0.0, 0.0, 0.0, 1.0],
                [0.989756, 0.129765, 0.059538, 0.124994, 0.131839, -0.990744, -0.03232, -0.002831, 0.054793, 0.039838, -0.997703, -1.2e-05, 0.0, 0.0, 0.0, 1.0],
                [0.989777, 0.129597, 0.059547, 0.124994, 0.131665, -0.990771, -0.03221, -0.002831, 0.054823, 0.039721, -0.997706, -1.2e-05, 0.0, 0.0, 0.0, 1.0],
                [0.989798, 0.129433, 0.059556, 0.124994, 0.131495, -0.990797, -0.032091, -0.002831, 0.054854, 0.039595, -0.997709, -1.2e-05, 0.0, 0.0, 0.0, 1.0],
                [0.989818, 0.129276, 0.059563, 0.124994, 0.131329, -0.990824, -0.031946, -0.002831, 0.054886, 0.039443, -0.997713, -1.2e-05, 0.0, 0.0, 0.0, 1.0],
                [0.989838, 0.129124, 0.059569, 0.124994, 0.131169, -0.990851, -0.031784, -0.002831, 0.05492, 0.039274, -0.997718, -1.2e-05, 0.0, 0.0, 0.0, 1.0],
                [0.989856, 0.128978, 0.059576, 0.124994, 0.131013, -0.990877, -0.031608, -0.002831, 0.054956, 0.039093, -0.997723, -1.2e-05, 0.0, 0.0, 0.0, 1.0],
                [0.989874, 0.128839, 0.05958, 0.124994, 0.130863, -0.990903, -0.031404, -0.002831, 0.054992, 0.038883, -0.99773, -1.2e-05, 0.0, 0.0, 0.0, 1.0],
                [0.98989, 0.128712, 0.059583, 0.124994, 0.130723, -0.990929, -0.031171, -0.002831, 0.05503, 0.038645, -0.997737, -1.2e-05, 0.0, 0.0, 0.0, 1.0],
                [0.989905, 0.128602, 0.05958, 0.124994, 0.130597, -0.990954, -0.030892, -0.002831, 0.055069, 0.038361, -0.997745, -1.2e-05, 0.0, 0.0, 0.0, 1.0],
                [0.989917, 0.128508, 0.059573, 0.124994, 0.130485, -0.990979, -0.030566, -0.002831, 0.055108, 0.038031, -0.997756, -1.2e-05, 0.0, 0.0, 0.0, 1.0],
                [0.989928, 0.12843, 0.059562, 0.124994, 0.130386, -0.991003, -0.030204, -0.002831, 0.055147, 0.037666, -0.997767, -1.2e-05, 0.0, 0.0, 0.0, 1.0],
                [0.989937, 0.128367, 0.059546, 0.124994, 0.1303, -0.991027, -0.029799, -0.002831, 0.055186, 0.037258, -0.997781, -1.2e-05, 0.0, 0.0, 0.0, 1.0],
                [0.989945, 0.128318, 0.059526, 0.124994, 0.130227, -0.99105, -0.029355, -0.002831, 0.055226, 0.036812, -0.997795, -1.2e-05, 0.0, 0.0, 0.0, 1.0],
