{
    "animation": [
        {
            "name": "Root",
            "time": [0.0, 0.0111, 0.0222, 0.0333, 0.0444, 0.0556, 0.0667, 0.0778, 0.0889, 0.1, 0.1111, 0.1222, 0.1333, 0.1444, 0.1556, 0.1667, 0.1778, 0.1889, 0.2, 0.2111, 0.2222, 0.2333, 0.2444, 0.2556, 0.2667, 0.2778, 0.2889, 0.3, 0.3111, 0.3222, 0.3333, 0.3444, 0.3556, 0.3667, 0.3778, 0.3889, 0.4, 0.4111, 0.4222, 0.4333, 0.4444, 0.4556, 0.4667, 0.4778, 0.4889, 0.5, 0.5111, 0.5222, 0.5333, 0.5444, 0.5556, 0.5667, 0.5778, 0.5889, 0.6, 0.6111, 0.6222, 0.6333, 0.6444, 0.6556, 0.6667, 0.6778, 0.6889, 0.7, 0.7111, 0.7222, 0.7333, 0.7444, 0.7556, 0.7667, 0.7778, 0.7889, 0.8, 0.8111, 0.8222, 0.8333, 0.8444, 0.8556, 0.8667, 0.8778, 0.8889, 0.9, 0.9111, 0.9222, 0.9333, 0.9444, 0.9556, 0.9667, 0.9778, 0.9889, 1.0, 1.0111, 1.0222, 1.0333, 1.0444, 1.0556, 1.0667, 1.0778, 1.0889, 1.1, 1.1111, 1.1222, 1.1333, 1.1444, 1.1556, 1.1667, 1.1778, 1.1889, 1.2, 1.2111, 1.2222, 1.2333, 1.2444, 1.2556, 1.2667, 1.2778, 1.2889, 1.3, 1.3111, 1.3222, 1.3333, 1.3444, 1.3556, 1.3667, 1.3778, 1.3889, 1.4, 1.4111, 1.4222, 1.4333, 1.4444, 1.4556, 1.4667, 1.4778, 1.4889, 1.5, 1.5111, 1.5222, 1.5333, 1.5444, 1.5556, 1.5667, 1.5778, 1.5889, 1.6, 1.6111, 1.6222, 1.6333, 1.6444, 1.6556, 1.6667, 1.6778, 1.6889, 1.7, 1.7111, 1.7222, 1.7333, 1.7444, 1.7556, 1.7667, 1.7778, 1.7889, 1.8, 1.8111, 1.8222, 1.8333, 1.8444, 1.8556, 1.8667, 1.8778, 1.8889, 1.9, 1.9111, 1.9222, 1.9333, 1.9444, 1.9556, 1.9667, 1.9778, 1.9889, 2.0, 2.0111, 2.0222, 2.0333, 2.0444, 2.0556, 2.0667, 2.0778, 2.0889, 2.1, 2.1111, 2.1222, 2.1333, 2.1444, 2.1556, 2.1667, 2.1778, 2.1889, 2.2, 2.2111, 2.2222, 2.2333, 2.2444, 2.2556, 2.2667, 2.2778, 2.2889, 2.3, 2.3111, 2.3222, 2.3333, 2.3444, 2.3556, 2.3667, 2.3778, 2.3889, 2.4, 2.4111, 2.4222, 2.4333, 2.4444, 2.4556, 2.4667, 2.4778, 2.4889, 2.5, 2.5111, 2.5222],
            "transform": [
                [0.998031, 0.001, -0.062704, 0.001278, -0.062654, -0.027158, -0.997665, -0.019301, -0.0027, 0.99963, -0.027042, 0.752302, 0.0, 0.0, 0.0, 1.0],
                [0.985044, -0.00272, -0.172278, -0.002629, -0.172194, 0.019373, -0.984872, 0.019991, 0.006017, 0.999808, 0.018615, 0.72255, 0.0, 0.0, 0.0, 1.0],
                [0.959944, -0.001274, -0.280189, -0.006536, -0.279494, 0.066157, -0.957865, 0.059283, 0.019757, 0.997808, 0.063151, 0.692798, 0.0, 0.0, 0.0, 1.0],
                [0.92327, 0.005307, -0.384115, -0.010442, -0.382245, 0.112186, -0.917225, 0.098575, 0.038224, 0.993673, 0.105606, 0.663047, 0.0, 0.0, 0.0, 1.0],
                [0.85739, 0.02731, -0.513942, -0.012184, -0.511145, 0.161816, -0.844124, 0.148517, 0.060111, 0.986443, 0.152699, 0.630575, 0.0, 0.0, 0.0, 1.0],
                [0.772862, 0.056515, -0.632052, -0.013926, -0.628333, 0.207499, -0.749761, 0.19846, 0.088777, 0.976601, 0.195878, 0.598102, 0.0, 0.0, 0.0, 1.0],
                [0.672789, 0.091852, -0.73411, -0.015669, -0.72951, 0.247557, -0.637598, 0.248402, 0.12317, 0.964509, 0.233561, 0.56563, 0.0, 0.0, 0.0, 1.0],
                [0.488351, 0.162409, -0.857401, -0.013081, -0.85579, 0.281322, -0.434145, 0.319646, 0.170697, 0.94577, 0.276372, 0.527717, 0.0, 0.0, 0.0, 1.0],
                [0.277317, 0.2397, -0.930397, -0.010494, -0.933421, 0.296659, -0.201789, 0.390889, 0.227642, 0.924411, 0.30601, 0.489805, 0.0, 0.0, 0.0, 1.0],
                [0.058295, 0.316911, -0.946662, -0.007907, -0.955557, 0.292216, 0.038981, 0.462133, 0.288984, 0.902317, 0.319862, 0.451892, 0.0, 0.0, 0.0, 1.0],
                [-0.215377, 0.388224, -0.896044, 0.005638, -0.909022, 0.255538, 0.329212, 0.536469, 0.356781, 0.885427, 0.297868, 0.434104, 0.0, 0.0, 0.0, 1.0],
                [-0.469687, 0.447273, -0.761144, 0.019183, -0.778137, 0.197505, 0.596234, 0.610804, 0.417009, 0.872318, 0.255275, 0.416316, 0.0, 0.0, 0.0, 1.0],
                [-0.67094, 0.486234, -0.559838, 0.032728, -0.580247, 0.125807, 0.804666, 0.68514, 0.461687, 0.864725, 0.197727, 0.398528, 0.0, 0.0, 0.0, 1.0],
                [-0.82471, 0.496281, -0.271216, 0.051752, -0.292569, 0.036028, 0.955566, 0.761021, 0.484001, 0.867414, 0.115484, 0.390803, 0.0, 0.0, 0.0, 1.0],
                [-0.877455, 0.475766, 0.060998, 0.070776, 0.03999, -0.054165, 0.997732, 0.836903, 0.47799, 0.877902, 0.028502, 0.383078, 0.0, 0.0, 0.0, 1.0],
                [-0.820088, 0.428221, 0.379584, 0.0898, 0.36015, -0.12924, 0.9239, 0.912785, 0.444691, 0.894384, -0.048236, 0.375353, 0.0, 0.0, 0.0, 1.0],
                [-0.714018, 0.360354, 0.600269, 0.100957, 0.577542, -0.181484, 0.795933, 0.988155, 0.395757, 0.914991, -0.078537, 0.378507, 0.0, 0.0, 0.0, 1.0],
                [-0.552486, 0.27962, 0.785221, 0.112113, 0.761298, -0.214298, 0.611966, 1.063526, 0.33939, 0.935889, -0.094478, 0.381662, 0.0, 0.0, 0.0, 1.0],
                [-0.351876, 0.194209, 0.915678, 0.123269, 0.892777, -0.224355, 0.390659, 1.138897, 0.281307, 0.954959, -0.09444, 0.384817, 0.0, 0.0, 0.0, 1.0],
                [-0.174951, 0.117085, 0.977591, 0.130234, 0.957426, -0.211336, 0.196654, 1.205837, 0.229625, 0.970375, -0.075126, 0.393502, 0.0, 0.0, 0.0, 1.0],
                [0.014874, 0.042905, 0.998968, 0.137198, 0.983242, -0.182174, -0.006815, 1.272777, 0.181694, 0.98233, -0.044896, 0.402187, 0.0, 0.0, 0.0, 1.0],
                [0.20527, -0.023512, 0.978423, 0.144162, 0.96855, -0.138763, -0.206533, 1.339717, 0.140625, 0.990046, -0.005711, 0.410873, 0.0, 0.0, 0.0, 1.0],
                [0.297728, -0.073271, 0.951835, 0.142742, 0.948127, -0.093671, -0.303779, 1.389795, 0.111417, 0.992903, 0.041582, 0.430619, 0.0, 0.0, 0.0, 1.0],
                [0.388919, -0.118386, 0.913634, 0.141323, 0.917185, -0.043555, -0.396075, 1.439874, 0.086683, 0.992012, 0.091643, 0.450366, 0.0, 0.0, 0.0, 1.0],
                [0.477012, -0.157954, 0.864587, 0.139903, 0.876346, 0.01058, -0.481567, 1.489952, 0.066918, 0.98739, 0.143469, 0.470112, 0.0, 0.0, 0.0, 1.0],
                [0.555132, -0.187694, 0.810308, 0.132514, 0.829053, 0.046299, -0.55725, 1.509611, 0.067076, 0.981135, 0.18131, 0.530325, 0.0, 0.0, 0.0, 1.0],
                [0.628585, -0.213781, 0.747782, 0.125126, 0.774516, 0.084607, -0.62687, 1.52927, 0.070745, 0.973211, 0.21876, 0.590537, 0.0, 0.0, 0.0, 1.0],
                [0.69623, -0.235812, 0.67798, 0.117737, 0.713583, 0.12491, -0.689345, 1.548929, 0.077869, 0.963737, 0.255238, 0.65075, 0.0, 0.0, 0.0, 1.0],
                [0.755343, -0.253623, 0.604262, 0.107365, 0.648475, 0.156256, -0.745026, 1.553378, 0.094536, 0.954599, 0.282495, 0.731195, 0.0, 0.0, 0.0, 1.0],
                [0.807864, -0.268251, 0.524783, 0.096992, 0.578303, 0.189061, -0.793613, 1.557828, 0.113671, 0.944615, 0.307866, 0.81164, 0.0, 0.0, 0.0, 1.0],
                [0.853057, -0.279489, 0.440658, 0.086619, 0.504051, 0.222866, -0.834424, 1.562277, 0.135005, 0.933925, 0.330994, 0.892086, 0.0, 0.0, 0.0, 1.0],
                [0.926954, -0.304401, 0.219309, 0.060465, 0.306488, 0.277259, -0.9106, 1.563595, 0.216382, 0.911299, 0.350302, 1.130312, 0.0, 0.0, 0.0, 1.0],
                [0.948951, -0.314941, -0.017441, 0.034311, 0.094505, 0.336638, -0.93688, 1.564912, 0.300933, 0.887405, 0.349216, 1.368538, 0.0, 0.0, 0.0, 1.0],
                [0.917222, -0.310231, -0.249924, 0.008156, -0.114289, 0.396068, -0.911081, 1.56623, 0.381632, 0.864226, 0.327826, 1.606765, 0.0, 0.0, 0.0, 1.0],
                [0.816869, -0.307335, -0.488131, -0.012757, -0.32558, 0.452889, -0.829993, 1.567988, 0.476155, 0.836921, 0.269889, 1.749197, 0.0, 0.0, 0.0, 1.0],
                [0.657425, -0.287911, -0.696348, -0.033671, -0.511186, 0.508541, -0.692875, 1.569747, 0.553607, 0.811476, 0.187151, 1.891629, 0.0, 0.0, 0.0, 1.0],
                [0.455022, -0.253925, -0.853509, -0.054584, -0.65233, 0.557391, -0.513597, 1.571505, 0.606153, 0.790467, 0.087982, 2.034061, 0.0, 0.0, 0.0, 1.0],
                [0.126764, -0.226721, -0.965676, -0.065016, -0.752647, 0.612135, -0.242517, 1.574145, 0.646107, 0.757554, -0.093044, 2.055582, 0.0, 0.0, 0.0, 1.0],
                [-0.228875, -0.177474, -0.957142, -0.075447, -0.75117, 0.657583, 0.057693, 1.576785, 0.619161, 0.73218, -0.283817, 2.077103, 0.0, 0.0, 0.0, 1.0],
                [-0.546527, -0.115233, -0.829477, -0.085879, -0.648171, 0.685382, 0.331853, 1.579425, 0.530268, 0.719008, -0.449271, 2.098624, 0.0, 0.0, 0.0, 1.0],
                [-0.759223, -0.035593, -0.649859, -0.084974, -0.486008, 0.695117, 0.529727, 1.580528, 0.432873, 0.718015, -0.545047, 2.106855, 0.0, 0.0, 0.0, 1.0],
                [-0.911335, 0.044972, -0.409205, -0.08407, -0.27052, 0.683844, 0.677626, 1.58163, 0.310307, 0.72824, -0.611046, 2.115086, 0.0, 0.0, 0.0, 1.0],
                [-0.983587, 0.116251, -0.138015, -0.083165, -0.029016, 0.652994, 0.756809, 1.582732, 0.178103, 0.748388, -0.638903, 2.123318, 0.0, 0.0, 0.0, 1.0],
                [-0.973511, 0.184328, 0.135289, -0.076592, 0.220621, 0.601841, 0.76754, 1.583065, 0.060056, 0.777053, -0.626565, 2.124904, 0.0, 0.0, 0.0, 1.0],
                [-0.884214, 0.234156, 0.404156, -0.070019, 0.464388, 0.533593, 0.706842, 1.583398, -0.050144, 0.81268, -0.580549, 2.126491, 0.0, 0.0, 0.0, 1.0],
                [-0.726424, 0.259745, 0.636274, -0.063446, 0.672993, 0.456454, 0.582007, 1.583732, -0.139256, 0.850989, -0.506386, 2.128077, 0.0, 0.0, 0.0, 1.0],
                [-0.519768, 0.226985, 0.823603, -0.030614, 0.836527, 0.330893, 0.43673, 1.58004, -0.173393, 0.915962, -0.361867, 2.118846, 0.0, 0.0, 0.0, 1.0],
                [-0.272379, 0.154453, 0.949714, 0.002218, 0.948122, 0.211256, 0.237565, 1.576347, -0.163941, 0.96515, -0.203982, 2.109615, 0.0, 0.0, 0.0, 1.0],
                [-0.015742, 0.051379, 0.998556, 0.03505, 0.993573, 0.11277, 0.009862, 1.572655, -0.112101, 0.992291, -0.052824, 2.100384, 0.0, 0.0, 0.0, 1.0],
                [0.235069, -0.036964, 0.971276, 0.057389, 0.969705, 0.077225, -0.23175, 1.569959, -0.06644, 0.996328, 0.053997, 2.108198, 0.0, 0.0, 0.0, 1.0],
                [0.470049, -0.132894, 0.872579, 0.079727, 0.88262, 0.064089, -0.465698, 1.567264, 0.005966, 0.989056, 0.14742, 2.116011, 0.0, 0.0, 0.0, 1.0],
                [0.66349, -0.225917, 0.713261, 0.102066, 0.741844, 0.074799, -0.666387, 1.564568, 0.097197, 0.97127, 0.217223, 2.123825, 0.0, 0.0, 0.0, 1.0],
                [0.839852, -0.221448, 0.495589, 0.103416, 0.531829, 0.152942, -0.832926, 1.563864, 0.108653, 0.963104, 0.246222, 2.182142, 0.0, 0.0, 0.0, 1.0],
                [0.952513, -0.194608, 0.234194, 0.104767, 0.276157, 0.228075, -0.933659, 1.56316, 0.128283, 0.953996, 0.270987, 2.319311, 0.0, 0.0, 0.0, 1.0],
                [0.988095, -0.148584, -0.039887, 0.106117, 0.005184, 0.291277, -0.956624, 1.562457, 0.153757, 0.945029, 0.28858, 2.45648, 0.0, 0.0, 0.0, 1.0],
                [0.965957, -0.088101, -0.24324, 0.095458, -0.196475, 0.361837, -0.911302, 1.5632, 0.1683, 0.928069, 0.332209, 2.535191, 0.0, 0.0, 0.0, 1.0],
                [0.90045, -0.01297, -0.434766, 0.084799, -0.390177, 0.417662, -0.820561, 1.563944, 0.192228, 0.908509, 0.371023, 2.570096, 0.0, 0.0, 0.0, 1.0],
                [0.796286, 0.071405, -0.600691, 0.07414, -0.56199, 0.454737, -0.690928, 1.564688, 0.223821, 0.887758, 0.40223, 2.580907, 0.0, 0.0, 0.0, 1.0],
                [0.677188, 0.166152, -0.716805, 0.057476, -0.688665, 0.486211, -0.537902, 1.566155, 0.259145, 0.857899, 0.44368, 2.582641, 0.0, 0.0, 0.0, 1.0],
                [0.535006, 0.265857, -0.801928, 0.040813, -0.788794, 0.497173, -0.361419, 1.567622, 0.302611, 0.825916, 0.475698, 2.584375, 0.0, 0.0, 0.0, 1.0],
                [0.378396, 0.36445, -0.850878, 0.024149, -0.856279, 0.486956, -0.172223, 1.569089, 0.351574, 0.793756, 0.496333, 2.58611, 0.0, 0.0, 0.0, 1.0],
                [0.230117, 0.387268, -0.892788, 0.016553, -0.891624, 0.451501, -0.033967, 1.57053, 0.389941, 0.803846, 0.449196, 2.588187, 0.0, 0.0, 0.0, 1.0],
                [0.075424, 0.404191, -0.91156, 0.008958, -0.904174, 0.413183, 0.108396, 1.571972, 0.420454, 0.816032, 0.396623, 2.590265, 0.0, 0.0, 0.0, 1.0],
                [-0.079915, 0.414588, -0.906494, 0.001362, -0.893461, 0.37343, 0.249555, 1.573413, 0.441975, 0.829859, 0.340576, 2.592343, 0.0, 0.0, 0.0, 1.0],
                [-0.234265, 0.3982, -0.886881, -0.00253, -0.861681, 0.337354, 0.379077, 1.574646, 0.450142, 0.853011, 0.264091, 2.593781, 0.0, 0.0, 0.0, 1.0],
                [-0.383914, 0.375179, -0.843714, -0.006421, -0.808753, 0.304291, 0.503317, 1.575878, 0.445568, 0.875584, 0.186606, 2.595218, 0.0, 0.0, 0.0, 1.0],
                [-0.523236, 0.346388, -0.778616, -0.010313, -0.736668, 0.275482, 0.617603, 1.577111, 0.428425, 0.89673, 0.111031, 2.596656, 0.0, 0.0, 0.0, 1.0],
                [-0.656694, 0.270445, -0.703999, -0.006796, -0.651271, 0.267323, 0.710202, 1.577926, 0.380266, 0.924877, 0.000583, 2.596813, 0.0, 0.0, 0.0, 1.0],
                [-0.772834, 0.190694, -0.605281, -0.003279, -0.551694, 0.269482, 0.789313, 1.578741, 0.31363, 0.943936, -0.10306, 2.596971, 0.0, 0.0, 0.0, 1.0],
                [-0.866385, 0.110756, -0.486942, 0.000238, -0.442457, 0.281861, 0.851346, 1.579556, 0.231542, 0.953041, -0.195195, 2.597128, 0.0, 0.0, 0.0, 1.0],
                [-0.920734, 0.059198, -0.385677, 0.005944, -0.355696, 0.27901, 0.891984, 1.580046, 0.160412, 0.958461, -0.235838, 2.596424, 0.0, 0.0, 0.0, 1.0],
                [-0.960679, 0.007127, -0.277571, 0.01165, -0.264456, 0.281155, 0.922505, 1.580537, 0.084615, 0.959635, -0.268215, 2.59572, 0.0, 0.0, 0.0, 1.0],
                [-0.985269, -0.044214, -0.165205, 0.017356, -0.170916, 0.288243, 0.942181, 1.581028, 0.005962, 0.956535, -0.291554, 2.595016, 0.0, 0.0, 0.0, 1.0],
                [-0.994224, -0.084752, -0.065863, 0.024156, -0.087561, 0.285515, 0.954367, 1.581356, -0.06208, 0.954619, -0.291287, 2.593882, 0.0, 0.0, 0.0, 1.0],
                [-0.991534, -0.125271, 0.034195, 0.030957, -0.003117, 0.286221, 0.958159, 1.581685, -0.129817, 0.949939, -0.284188, 2.592747, 0.0, 0.0, 0.0, 1.0],
                [-0.977246, -0.16506, 0.133216, 0.037757, 0.080937, 0.290348, 0.953493, 1.582013, -0.196063, 0.942577, -0.270382, 2.591612, 0.0, 0.0, 0.0, 1.0],
                [-0.952759, -0.205828, 0.223352, 0.045621, 0.159388, 0.287155, 0.94453, 1.582025, -0.258547, 0.935508, -0.240784, 2.589991, 0.0, 0.0, 0.0, 1.0],
                [-0.918099, -0.246256, 0.310567, 0.053485, 0.236904, 0.287243, 0.928099, 1.582037, -0.317758, 0.925661, -0.205379, 2.588369, 0.0, 0.0, 0.0, 1.0],
                [-0.873827, -0.285694, 0.393455, 0.061349, 0.312237, 0.29061, 0.904464, 1.58205, -0.372743, 0.913194, -0.164738, 2.586747, 0.0, 0.0, 0.0, 1.0],
                [-0.822286, -0.333085, 0.461411, 0.07134, 0.382915, 0.275954, 0.881604, 1.581429, -0.420977, 0.901611, -0.09937, 2.584152, 0.0, 0.0, 0.0, 1.0],
                [-0.762756, -0.380461, 0.522929, 0.081331, 0.451881, 0.264886, 0.851845, 1.580808, -0.462611, 0.886049, -0.03012, 2.581556, 0.0, 0.0, 0.0, 1.0],
                [-0.696216, -0.427041, 0.576992, 0.091322, 0.517997, 0.257589, 0.815676, 1.580187, -0.496954, 0.866765, 0.041869, 2.57896, 0.0, 0.0, 0.0, 1.0],
                [-0.623245, -0.472444, 0.623188, 0.101313, 0.580729, 0.254107, 0.773424, 1.579566, -0.523756, 0.843935, 0.115991, 2.576364, 0.0, 0.0, 0.0, 1.0],
                [-0.544421, -0.516289, 0.661099, 0.111304, 0.639544, 0.254484, 0.725411, 1.578945, -0.542761, 0.81773, 0.191643, 2.573768, 0.0, 0.0, 0.0, 1.0],
                [-0.461045, -0.557852, 0.690101, 0.121295, 0.693471, 0.258715, 0.672432, 1.578324, -0.553657, 0.788585, 0.267575, 2.571172, 0.0, 0.0, 0.0, 1.0],
                [-0.392886, -0.574365, 0.718154, 0.125709, 0.742861, 0.262084, 0.616012, 1.577525, -0.542032, 0.77551, 0.323705, 2.567789, 0.0, 0.0, 0.0, 1.0],
                [-0.322236, -0.590086, 0.740245, 0.130122, 0.787393, 0.267023, 0.555618, 1.576725, -0.525525, 0.761903, 0.378586, 2.564405, 0.0, 0.0, 0.0, 1.0],
                [-0.249879, -0.60484, 0.756128, 0.134536, 0.826573, 0.27348, 0.491921, 1.575925, -0.504319, 0.747915, 0.431608, 2.561021, 0.0, 0.0, 0.0, 1.0],
                [-0.182306, -0.608884, 0.772027, 0.136161, 0.86259, 0.277813, 0.422798, 1.575036, -0.471914, 0.74302, 0.474571, 2.557243, 0.0, 0.0, 0.0, 1.0],
                [-0.113501, -0.612505, 0.782275, 0.137786, 0.892777, 0.28262, 0.35082, 1.574147, -0.435966, 0.738215, 0.514753, 2.553466, 0.0, 0.0, 0.0, 1.0],
                [-0.044182, -0.615666, 0.786768, 0.139411, 0.916821, 0.28785, 0.276736, 1.573258, -0.396848, 0.733551, 0.551738, 2.549688, 0.0, 0.0, 0.0, 1.0],
                [0.026026, -0.618376, 0.785451, 0.141035, 0.934765, 0.293536, 0.200125, 1.572369, -0.354311, 0.729003, 0.585677, 2.54591, 0.0, 0.0, 0.0, 1.0],
                [0.096016, -0.620585, 0.778238, 0.14266, 0.946212, 0.299597, 0.122165, 1.57148, -0.308971, 0.724648, 0.615972, 2.542132, 0.0, 0.0, 0.0, 1.0],
                [0.165049, -0.622269, 0.765206, 0.144285, 0.95104, 0.305967, 0.043682, 1.570591, -0.261309, 0.720531, 0.642302, 2.538355, 0.0, 0.0, 0.0, 1.0],
                [0.231372, -0.623401, 0.746885, 0.14591, 0.949344, 0.312471, -0.03328, 1.569702, -0.212633, 0.716751, 0.66412, 2.534577, 0.0, 0.0, 0.0, 1.0],
                [0.296086, -0.624016, 0.723144, 0.147535, 0.941285, 0.319207, -0.109952, 1.568812, -0.162221, 0.713239, 0.68189, 2.530799, 0.0, 0.0, 0.0, 1.0],
                [0.35853, -0.624106, 0.694225, 0.14916, 0.926945, 0.326106, -0.18555, 1.567923, -0.110588, 0.710032, 0.695431, 2.527021, 0.0, 0.0, 0.0, 1.0],
                [0.463499, -0.612634, 0.640193, 0.140493, 0.884156, 0.367551, -0.288399, 1.567762, -0.058621, 0.699703, 0.712024, 2.529293, 0.0, 0.0, 0.0, 1.0],
                [0.56121, -0.596143, 0.574157, 0.131826, 0.827662, 0.407953, -0.385422, 1.567602, -0.004462, 0.69151, 0.722352, 2.531564, 0.0, 0.0, 0.0, 1.0],
                [0.649369, -0.575019, 0.497667, 0.12316, 0.758787, 0.446363, -0.474344, 1.567441, 0.050616, 0.685647, 0.726172, 2.533836, 0.0, 0.0, 0.0, 1.0],
                [0.744524, -0.538717, 0.394293, 0.109347, 0.658835, 0.497542, -0.564259, 1.567644, 0.107799, 0.679879, 0.725358, 2.650953, 0.0, 0.0, 0.0, 1.0],
                [0.822735, -0.495239, 0.279006, 0.095535, 0.54398, 0.543589, -0.639215, 1.567847, 0.164899, 0.677679, 0.716631, 2.76807, 0.0, 0.0, 0.0, 1.0],
                [0.881358, -0.446054, 0.155708, 0.081723, 0.418109, 0.582947, -0.696676, 1.56805, 0.219986, 0.679123, 0.700284, 2.885186, 0.0, 0.0, 0.0, 1.0],
                [0.916494, -0.392986, 0.074842, 0.068908, 0.327837, 0.630583, -0.703483, 1.569172, 0.229265, 0.669273, 0.70676, 2.922339, 0.0, 0.0, 0.0, 1.0],
                [0.942176, -0.335056, -0.00659, 0.056094, 0.234277, 0.67259, -0.701952, 1.570294, 0.239626, 0.659818, 0.712194, 2.959492, 0.0, 0.0, 0.0, 1.0],
                [0.957993, -0.273188, -0.087287, 0.04328, 0.138923, 0.7083, -0.692106, 1.571416, 0.250901, 0.650906, 0.716498, 2.996645, 0.0, 0.0, 0.0, 1.0],
                [0.961784, -0.22557, -0.155212, 0.032253, 0.061565, 0.730494, -0.680139, 1.57224, 0.2668, 0.64459, 0.716464, 2.998532, 0.0, 0.0, 0.0, 1.0],
                [0.958999, -0.17612, -0.222043, 0.021225, -0.015921, 0.748752, -0.662659, 1.573063, 0.282963, 0.639024, 0.715248, 3.000418, 0.0, 0.0, 0.0, 1.0],
                [0.949667, -0.125351, -0.287089, 0.010198, -0.092732, 0.762885, -0.639849, 1.573887, 0.299222, 0.634266, 0.712863, 3.002304, 0.0, 0.0, 0.0, 1.0],
                [0.93744, -0.1105, -0.330147, 0.002745, -0.131583, 0.765501, -0.629837, 1.574114, 0.322325, 0.633875, 0.703071, 3.003207, 0.0, 0.0, 0.0, 1.0],
                [0.923087, -0.095542, -0.372535, -0.004708, -0.169998, 0.767521, -0.618071, 1.574341, 0.344981, 0.633863, 0.692247, 3.004111, 0.0, 0.0, 0.0, 1.0],
                [0.906657, -0.080528, -0.414113, -0.012161, -0.207849, 0.768939, -0.604591, 1.574568, 0.367114, 0.63423, 0.680426, 3.005014, 0.0, 0.0, 0.0, 1.0],
                [0.893825, -0.071406, -0.442695, -0.017331, -0.237599, 0.761846, -0.602608, 1.574457, 0.380296, 0.643809, 0.663991, 3.003593, 0.0, 0.0, 0.0, 1.0],
                [0.87995, -0.062654, -0.470917, -0.022501, -0.267179, 0.754371, -0.599616, 1.574346, 0.392815, 0.653451, 0.647069, 3.002172, 0.0, 0.0, 0.0, 1.0],
                [0.86506, -0.054288, -0.498722, -0.027672, -0.296535, 0.746528, -0.595619, 1.574235, 0.404645, 0.663135, 0.629693, 3.000751, 0.0, 0.0, 0.0, 1.0],
                [0.852523, -0.049361, -0.520353, -0.0317, -0.322156, 0.734337, -0.597465, 1.573955, 0.411606, 0.676988, 0.610137, 2.998168, 0.0, 0.0, 0.0, 1.0],
                [0.83936, -0.044895, -0.541719, -0.035729, -0.347651, 0.721774, -0.598481, 1.573675, 0.417868, 0.690671, 0.590221, 2.995584, 0.0, 0.0, 0.0, 1.0],
                [0.825591, -0.040897, -0.562785, -0.039758, -0.372982, 0.70886, -0.598667, 1.573395, 0.42342, 0.704162, 0.569974, 2.993001, 0.0, 0.0, 0.0, 1.0],
                [0.819691, -0.037747, -0.571561, -0.041306, -0.388236, 0.697057, -0.602814, 1.572981, 0.421165, 0.716021, 0.556716, 2.988043, 0.0, 0.0, 0.0, 1.0],
                [0.813654, -0.034774, -0.580308, -0.042854, -0.403392, 0.685021, -0.606647, 1.572568, 0.418619, 0.727693, 0.543343, 2.983084, 0.0, 0.0, 0.0, 1.0],
                [0.807485, -0.031979, -0.58902, -0.044403, -0.418442, 0.672759, -0.610165, 1.572155, 0.415782, 0.73917, 0.529862, 2.978125, 0.0, 0.0, 0.0, 1.0],
                [0.801184, -0.029363, -0.597697, -0.045951, -0.433384, 0.660273, -0.613367, 1.571742, 0.412654, 0.750452, 0.516274, 2.958306, 0.0, 0.0, 0.0, 1.0],
                [0.794754, -0.026928, -0.606334, -0.047499, -0.448209, 0.647567, -0.616251, 1.571329, 0.409237, 0.761532, 0.502587, 2.938486, 0.0, 0.0, 0.0, 1.0],
                [0.7882, -0.024675, -0.614925, -0.049048, -0.462909, 0.634653, -0.618814, 1.570915, 0.405533, 0.772403, 0.488811, 2.918667, 0.0, 0.0, 0.0, 1.0],
                [0.784906, -0.01993, -0.619295, -0.050111, -0.473969, 0.624456, -0.620813, 1.570765, 0.399095, 0.780806, 0.480693, 2.882316, 0.0, 0.0, 0.0, 1.0],
                [0.781531, -0.015258, -0.62368, -0.051174, -0.484918, 0.614112, -0.622672, 1.570615, 0.39251, 0.789071, 0.472549, 2.845966, 0.0, 0.0, 0.0, 1.0],
                [0.778076, -0.010659, -0.628081, -0.052238, -0.495753, 0.603627, -0.62439, 1.570464, 0.385782, 0.797195, 0.464384, 2.809616, 0.0, 0.0, 0.0, 1.0],
                [0.776233, -0.004733, -0.630429, -0.053058, -0.504747, 0.594494, -0.625946, 1.570446, 0.377748, 0.804086, 0.459077, 2.747255, 0.0, 0.0, 0.0, 1.0],
                [0.774313, 0.001159, -0.632802, -0.053879, -0.513637, 0.585246, -0.627427, 1.570427, 0.369617, 0.810855, 0.453759, 2.684894, 0.0, 0.0, 0.0, 1.0],
                [0.772317, 0.007016, -0.635199, -0.0547, -0.522421, 0.575887, -0.628833, 1.570408, 0.361391, 0.817499, 0.448432, 2.622533, 0.0, 0.0, 0.0, 1.0],
                [0.770245, 0.012834, -0.637619, -0.05552, -0.531095, 0.56642, -0.630163, 1.570389, 0.353073, 0.824016, 0.443099, 2.520596, 0.0, 0.0, 0.0, 1.0],
                [0.768097, 0.018615, -0.640063, -0.056341, -0.539662, 0.556845, -0.631418, 1.57037, 0.344662, 0.830408, 0.437757, 2.418658, 0.0, 0.0, 0.0, 1.0],
                [0.765874, 0.024357, -0.64253, -0.057162, -0.548119, 0.547163, -0.632596, 1.570351, 0.336161, 0.836671, 0.432409, 2.316721, 0.0, 0.0, 0.0, 1.0],
                [0.766375, 0.026821, -0.641834, -0.058045, -0.545956, 0.553715, -0.628754, 1.570851, 0.338529, 0.832274, 0.438996, 2.170399, 0.0, 0.0, 0.0, 1.0],
                [0.766883, 0.029277, -0.641119, -0.058928, -0.543775, 0.56023, -0.624861, 1.571351, 0.34088, 0.827819, 0.445551, 2.024077, 0.0, 0.0, 0.0, 1.0],
                [0.767399, 0.031727, -0.640384, -0.059812, -0.541576, 0.566709, -0.620916, 1.571851, 0.343212, 0.823307, 0.452074, 1.877755, 0.0, 0.0, 0.0, 1.0],
                [0.771685, 0.038991, -0.634809, -0.058483, -0.538179, 0.571917, -0.619092, 1.573336, 0.338919, 0.819385, 0.462323, 1.715607, 0.0, 0.0, 0.0, 1.0],
                [0.775922, 0.046207, -0.629135, -0.057154, -0.534803, 0.577112, -0.617193, 1.57482, 0.334563, 0.815356, 0.472506, 1.553459, 0.0, 0.0, 0.0, 1.0],
                [0.78011, 0.053374, -0.623362, -0.055825, -0.531446, 0.582293, -0.615223, 1.576304, 0.330143, 0.811225, 0.482618, 1.391311, 0.0, 0.0, 0.0, 1.0],
                [0.791292, 0.07006, -0.607411, -0.050072, -0.525752, 0.585128, -0.617423, 1.579757, 0.312157, 0.807909, 0.499842, 1.247169, 0.0, 0.0, 0.0, 1.0],
                [0.801991, 0.086643, -0.591019, -0.044319, -0.520046, 0.588052, -0.619473, 1.583211, 0.293877, 0.804169, 0.516671, 1.103028, 0.0, 0.0, 0.0, 1.0],
                [0.812194, 0.103108, -0.574204, -0.038566, -0.514334, 0.591063, -0.621374, 1.586664, 0.275323, 0.800008, 0.53309, 0.958886, 0.0, 0.0, 0.0, 1.0],
                [0.821537, 0.11949, -0.557493, -0.032746, -0.509693, 0.592119, -0.624186, 1.589981, 0.255518, 0.796942, 0.547351, 0.856367, 0.0, 0.0, 0.0, 1.0],
                [0.830366, 0.135789, -0.54042, -0.026926, -0.505014, 0.593263, -0.626897, 1.593299, 0.235486, 0.793473, 0.561201, 0.753848, 0.0, 0.0, 0.0, 1.0],
                [0.838673, 0.151989, -0.522999, -0.021105, -0.500299, 0.594494, -0.629506, 1.596616, 0.215242, 0.789605, 0.574626, 0.65133, 0.0, 0.0, 0.0, 1.0],
                [0.84627, 0.168148, -0.505523, -0.015251, -0.496054, 0.594793, -0.632576, 1.599866, 0.194316, 0.786097, 0.586765, 0.606153, 0.0, 0.0, 0.0, 1.0],
                [0.853332, 0.184217, -0.487739, -0.009397, -0.491756, 0.595178, -0.635563, 1.603115, 0.17321, 0.782194, 0.598474, 0.560977, 0.0, 0.0, 0.0, 1.0],
                [0.859853, 0.200181, -0.46966, -0.003543, -0.487408, 0.595648, -0.638465, 1.606364, 0.151943, 0.777901, 0.60974, 0.5158, 0.0, 0.0, 0.0, 1.0],
                [0.861755, 0.204062, -0.464476, -0.001472, -0.486015, 0.594628, -0.640474, 1.607061, 0.145494, 0.777673, 0.611601, 0.507734, 0.0, 0.0, 0.0, 1.0],
                [0.863612, 0.207942, -0.459276, 0.000598, -0.484607, 0.593616, -0.642477, 1.607758, 0.139035, 0.777419, 0.613424, 0.499668, 0.0, 0.0, 0.0, 1.0],
                [0.865425, 0.211823, -0.45406, 0.002669, -0.483183, 0.592611, -0.644473, 1.608455, 0.132567, 0.777137, 0.61521, 0.491601, 0.0, 0.0, 0.0, 1.0],
                [0.866733, 0.214177, -0.450447, 0.00432, -0.4821, 0.591295, -0.646491, 1.608816, 0.127884, 0.777495, 0.61575, 0.485836, 0.0, 0.0, 0.0, 1.0],
                [0.868019, 0.216535, -0.446829, 0.005971, -0.481005, 0.589982, -0.648503, 1.609177, 0.123197, 0.777839, 0.61627, 0.48007, 0.0, 0.0, 0.0, 1.0],
                [0.869284, 0.218896, -0.443205, 0.007621, -0.479898, 0.588671, -0.650511, 1.609538, 0.118508, 0.778171, 0.61677, 0.474305, 0.0, 0.0, 0.0, 1.0],
                [0.869651, 0.218209, -0.442824, 0.008432, -0.479503, 0.58671, -0.65257, 1.609229, 0.117413, 0.779843, 0.614865, 0.47314, 0.0, 0.0, 0.0, 1.0],
                [0.870017, 0.217523, -0.442441, 0.009243, -0.479104, 0.584745, -0.654625, 1.608919, 0.116319, 0.78151, 0.612954, 0.471976, 0.0, 0.0, 0.0, 1.0],
                [0.870384, 0.216838, -0.442056, 0.010053, -0.478702, 0.582773, -0.656673, 1.60861, 0.115227, 0.783171, 0.611037, 0.470812, 0.0, 0.0, 0.0, 1.0],
                [0.870761, 0.216129, -0.441662, 0.010893, -0.478294, 0.580674, -0.658827, 1.608279, 0.11407, 0.784924, 0.609, 0.469602, 0.0, 0.0, 0.0, 1.0],
                [0.871137, 0.21542, -0.441265, 0.011733, -0.477882, 0.578568, -0.660975, 1.607949, 0.112915, 0.786672, 0.606957, 0.468393, 0.0, 0.0, 0.0, 1.0],
                [0.871514, 0.214713, -0.440866, 0.012573, -0.477467, 0.576457, -0.663116, 1.607618, 0.111761, 0.788413, 0.604908, 0.467183, 0.0, 0.0, 0.0, 1.0],
                [0.871895, 0.213994, -0.440461, 0.013428, -0.477046, 0.574278, -0.665306, 1.607277, 0.110575, 0.790197, 0.602795, 0.465951, 0.0, 0.0, 0.0, 1.0],
                [0.872277, 0.213277, -0.440053, 0.014283, -0.476621, 0.572093, -0.667489, 1.606936, 0.109391, 0.791974, 0.600676, 0.46472, 0.0, 0.0, 0.0, 1.0],
                [0.872658, 0.212561, -0.439643, 0.015137, -0.476193, 0.569902, -0.669666, 1.606595, 0.108209, 0.793744, 0.59855, 0.463488, 0.0, 0.0, 0.0, 1.0],
                [0.873038, 0.21174, -0.439285, 0.016095, -0.475881, 0.566662, -0.67263, 1.606069, 0.106503, 0.796279, 0.59548, 0.462063, 0.0, 0.0, 0.0, 1.0],
                [0.873418, 0.210922, -0.438923, 0.017052, -0.475562, 0.56341, -0.675581, 1.605543, 0.104799, 0.7988, 0.592399, 0.460639, 0.0, 0.0, 0.0, 1.0],
                [0.873798, 0.210105, -0.438558, 0.01801, -0.475235, 0.560147, -0.678519, 1.605017, 0.103097, 0.801306, 0.589304, 0.459215, 0.0, 0.0, 0.0, 1.0],
                [0.873862, 0.207744, -0.439554, 0.019026, -0.475249, 0.555602, -0.682235, 1.604, 0.102487, 0.805077, 0.584249, 0.458366, 0.0, 0.0, 0.0, 1.0],
                [0.873928, 0.205376, -0.440535, 0.020041, -0.47526, 0.551034, -0.685923, 1.602984, 0.101877, 0.808815, 0.57917, 0.457518, 0.0, 0.0, 0.0, 1.0],
                [0.873995, 0.203003, -0.441502, 0.021057, -0.475267, 0.546441, -0.689582, 1.601967, 0.101268, 0.812522, 0.574067, 0.456669, 0.0, 0.0, 0.0, 1.0],
                [0.873418, 0.197489, -0.445128, 0.022189, -0.475991, 0.539241, -0.694732, 1.599969, 0.102829, 0.818668, 0.564985, 0.456971, 0.0, 0.0, 0.0, 1.0],
                [0.872832, 0.191936, -0.448693, 0.023322, -0.476728, 0.531984, -0.699802, 1.597971, 0.10438, 0.824714, 0.555834, 0.457273, 0.0, 0.0, 0.0, 1.0],
                [0.872235, 0.186345, -0.452196, 0.024454, -0.477479, 0.524673, -0.704792, 1.595973, 0.105921, 0.830658, 0.546615, 0.457575, 0.0, 0.0, 0.0, 1.0],
                [0.871639, 0.180032, -0.455889, 0.025725, -0.478169, 0.516714, -0.710184, 1.594126, 0.107708, 0.837015, 0.536474, 0.45839, 0.0, 0.0, 0.0, 1.0],
                [0.871029, 0.173676, -0.459505, 0.026997, -0.478875, 0.508692, -0.715479, 1.592279, 0.109485, 0.843249, 0.526255, 0.459205, 0.0, 0.0, 0.0, 1.0],
                [0.870407, 0.167278, -0.463044, 0.028268, -0.479599, 0.500608, -0.720678, 1.590432, 0.11125, 0.849358, 0.515959, 0.460021, 0.0, 0.0, 0.0, 1.0],
                [0.869775, 0.160491, -0.466621, 0.029609, -0.480305, 0.492157, -0.726008, 1.58866, 0.113133, 0.855584, 0.50515, 0.461093, 0.0, 0.0, 0.0, 1.0],
                [0.869128, 0.15366, -0.470111, 0.03095, -0.481031, 0.483641, -0.731232, 1.586888, 0.115004, 0.861672, 0.494262, 0.462165, 0.0, 0.0, 0.0, 1.0],
                [0.868468, 0.146788, -0.473515, 0.03229, -0.481774, 0.475062, -0.736349, 1.585116, 0.116862, 0.867623, 0.483294, 0.463237, 0.0, 0.0, 0.0, 1.0],
                [0.870629, 0.141714, -0.471086, 0.035381, -0.478506, 0.466213, -0.744095, 1.589096, 0.114178, 0.873248, 0.47371, 0.467503, 0.0, 0.0, 0.0, 1.0],
                [0.872782, 0.13667, -0.468587, 0.038472, -0.475197, 0.457277, -0.751722, 1.593076, 0.111536, 0.87876, 0.464048, 0.471769, 0.0, 0.0, 0.0, 1.0],
                [0.874924, 0.131657, -0.46602, 0.041563, -0.471849, 0.448254, -0.759228, 1.597057, 0.108938, 0.884157, 0.454311, 0.476035, 0.0, 0.0, 0.0, 1.0],
                [0.877433, 0.126924, -0.462604, 0.044888, -0.467893, 0.439093, -0.76699, 1.601804, 0.105777, 0.889431, 0.444661, 0.480726, 0.0, 0.0, 0.0, 1.0],
                [0.879925, 0.122232, -0.45912, 0.048212, -0.463887, 0.429845, -0.774623, 1.606551, 0.102667, 0.89459, 0.434933, 0.485418, 0.0, 0.0, 0.0, 1.0],
                [0.882401, 0.117583, -0.455568, 0.051536, -0.459833, 0.420513, -0.782126, 1.611298, 0.099608, 0.899634, 0.42513, 0.49011, 0.0, 0.0, 0.0, 1.0],
                [0.885592, 0.113502, -0.450383, 0.055327, -0.454561, 0.410982, -0.790233, 1.617579, 0.095406, 0.90455, 0.415556, 0.495653, 0.0, 0.0, 0.0, 1.0],
                [0.888748, 0.109485, -0.44513, 0.059118, -0.449219, 0.401366, -0.79819, 1.623861, 0.09127, 0.90935, 0.405896, 0.501197, 0.0, 0.0, 0.0, 1.0],
                [0.89187, 0.105533, -0.439807, 0.062909, -0.443806, 0.391667, -0.805998, 1.630142, 0.087199, 0.914034, 0.396152, 0.50674, 0.0, 0.0, 0.0, 1.0],
                [0.89497, 0.10163, -0.434396, 0.0667, -0.438304, 0.381848, -0.813684, 1.636423, 0.083179, 0.91862, 0.386287, 0.512284, 0.0, 0.0, 0.0, 1.0],
                [0.898035, 0.097793, -0.428918, 0.070491, -0.432732, 0.371948, -0.821217, 1.642704, 0.079226, 0.923087, 0.376341, 0.517827, 0.0, 0.0, 0.0, 1.0],
                [0.901063, 0.094023, -0.423374, 0.074282, -0.427094, 0.36197, -0.828594, 1.648986, 0.075342, 0.927435, 0.366315, 0.52337, 0.0, 0.0, 0.0, 1.0],
                [0.904061, 0.090313, -0.417753, 0.078073, -0.421378, 0.351895, -0.835829, 1.655267, 0.071519, 0.931672, 0.356191, 0.528914, 0.0, 0.0, 0.0, 1.0],
                [0.907022, 0.086672, -0.412067, 0.081864, -0.415596, 0.341745, -0.842906, 1.661548, 0.067766, 0.935787, 0.34599, 0.534457, 0.0, 0.0, 0.0, 1.0],
                [0.909945, 0.0831, -0.406319, 0.085655, -0.409749, 0.331521, -0.849823, 1.667829, 0.064083, 0.93978, 0.335716, 0.540001, 0.0, 0.0, 0.0, 1.0],
                [0.91284, 0.079584, -0.400486, 0.089446, -0.403816, 0.321186, -0.856605, 1.67411, 0.060458, 0.943666, 0.325329, 0.545544, 0.0, 0.0, 0.0, 1.0],
                [0.915697, 0.076139, -0.394591, 0.093237, -0.39782, 0.31078, -0.863223, 1.680392, 0.056906, 0.947427, 0.31487, 0.551088, 0.0, 0.0, 0.0, 1.0],
                [0.918514, 0.072766, -0.388635, 0.097028, -0.391763, 0.300307, -0.869677, 1.686673, 0.053427, 0.951063, 0.304343, 0.556631, 0.0, 0.0, 0.0, 1.0],
                [0.921292, 0.069464, -0.382617, 0.100819, -0.385642, 0.289762, -0.875967, 1.692954, 0.05002, 0.954574, 0.293744, 0.562174, 0.0, 0.0, 0.0, 1.0],
                [0.924029, 0.066235, -0.376541, 0.10461, -0.379461, 0.279153, -0.88209, 1.699235, 0.046688, 0.957959, 0.283079, 0.567718, 0.0, 0.0, 0.0, 1.0],
                [0.926725, 0.063079, -0.370408, 0.108401, -0.373223, 0.268483, -0.888044, 1.705517, 0.043431, 0.961217, 0.272352, 0.573261, 0.0, 0.0, 0.0, 1.0],
                [0.929382, 0.059994, -0.364211, 0.112192, -0.366919, 0.257738, -0.893835, 1.711798, 0.040246, 0.96435, 0.26155, 0.578805, 0.0, 0.0, 0.0, 1.0],
                [0.931997, 0.056984, -0.357959, 0.115983, -0.360559, 0.246936, -0.899455, 1.718079, 0.037138, 0.967355, 0.250689, 0.584348, 0.0, 0.0, 0.0, 1.0],
                [0.934568, 0.05405, -0.351654, 0.119774, -0.354145, 0.236077, -0.904903, 1.72436, 0.034107, 0.970229, 0.239772, 0.589892, 0.0, 0.0, 0.0, 1.0],
                [0.937095, 0.051194, -0.3453, 0.123565, -0.347681, 0.225172, -0.910173, 1.730641, 0.031157, 0.972973, 0.228807, 0.595435, 0.0, 0.0, 0.0, 1.0],
                [0.939578, 0.048415, -0.338895, 0.127356, -0.341166, 0.214215, -0.915269, 1.736923, 0.028284, 0.975586, 0.217789, 0.600979, 0.0, 0.0, 0.0, 1.0],
                [0.942016, 0.045712, -0.332441, 0.131147, -0.334599, 0.203208, -0.92019, 1.743204, 0.025491, 0.978067, 0.206721, 0.606522, 0.0, 0.0, 0.0, 1.0],
                [0.944409, 0.043088, -0.325939, 0.134938, -0.327985, 0.192157, -0.924933, 1.749485, 0.022777, 0.980418, 0.195607, 0.612065, 0.0, 0.0, 0.0, 1.0],
                [0.946756, 0.040543, -0.319389, 0.138729, -0.321321, 0.181059, -0.9295, 1.755766, 0.020144, 0.982636, 0.184446, 0.617609, 0.0, 0.0, 0.0, 1.0],
                [0.949058, 0.038076, -0.312794, 0.14252, -0.314611, 0.169919, -0.933888, 1.762048, 0.017591, 0.984722, 0.173242, 0.623152, 0.0, 0.0, 0.0, 1.0],
                [0.951307, 0.035694, -0.306172, 0.146311, -0.307874, 0.158769, -0.938086, 1.768329, 0.015126, 0.98667, 0.162027, 0.628696, 0.0, 0.0, 0.0, 1.0],
                [0.95351, 0.033392, -0.299506, 0.150102, -0.301093, 0.147579, -0.942106, 1.77461, 0.012742, 0.988486, 0.150773, 0.634239, 0.0, 0.0, 0.0, 1.0],
                [0.955666, 0.03117, -0.292799, 0.153893, -0.294268, 0.136354, -0.945946, 1.780891, 0.010439, 0.990169, 0.139481, 0.639783, 0.0, 0.0, 0.0, 1.0],
                [0.95777, 0.029032, -0.286064, 0.157684, -0.287416, 0.125116, -0.949599, 1.787172, 0.008223, 0.991717, 0.128177, 0.645326, 0.0, 0.0, 0.0, 1.0],
                [0.959828, 0.026973, -0.27929, 0.161475, -0.280523, 0.113846, -0.953072, 1.793454, 0.006088, 0.993132, 0.116839, 0.650869, 0.0, 0.0, 0.0, 1.0],
                [0.961837, 0.024996, -0.272478, 0.165266, -0.273592, 0.102545, -0.956364, 1.799735, 0.004036, 0.994414, 0.105471, 0.656413, 0.0, 0.0, 0.0, 1.0],
                [0.963791, 0.023106, -0.265655, 0.169057, -0.26665, 0.09126, -0.959463, 1.806016, 0.002074, 0.995559, 0.094117, 0.661956, 0.0, 0.0, 0.0, 1.0],
                [0.965697, 0.021297, -0.258796, 0.172848, -0.25967, 0.079948, -0.962382, 1.812297, 0.000195, 0.996571, 0.082736, 0.6675, 0.0, 0.0, 0.0, 1.0],
                [0.967555, 0.019569, -0.251903, 0.176639, -0.252657, 0.068614, -0.96512, 1.818578, -0.001602, 0.997451, 0.071332, 0.673043, 0.0, 0.0, 0.0, 1.0],
                [0.969119, 0.018142, -0.245926, 0.179925, -0.246575, 0.058811, -0.967337, 1.824022, -0.003087, 0.998104, 0.061468, 0.677848, 0.0, 0.0, 0.0, 1.0],
                [0.970646, 0.016776, -0.239926, 0.183211, -0.240469, 0.048993, -0.969419, 1.829466, -0.004509, 0.998658, 0.051589, 0.682652, 0.0, 0.0, 0.0, 1.0],
                [0.972137, 0.015471, -0.233902, 0.186496, -0.23434, 0.039162, -0.971366, 1.83491, -0.005868, 0.999113, 0.041696, 0.687456, 0.0, 0.0, 0.0, 1.0],
                [0.973477, 0.014324, -0.228336, 0.189529, -0.228675, 0.030097, -0.973037, 1.839935, -0.007065, 0.999444, 0.032574, 0.691891, 0.0, 0.0, 0.0, 1.0],
                [0.974786, 0.013228, -0.222751, 0.192562, -0.222993, 0.021024, -0.974593, 1.84496, -0.008209, 0.999691, 0.023443, 0.696326, 0.0, 0.0, 0.0, 1.0],
                [0.976062, 0.012184, -0.217149, 0.195595, -0.217292, 0.011942, -0.976034, 1.849985, -0.009299, 0.999854, 0.014304, 0.70076, 0.0, 0.0, 0.0, 1.0],
                [0.976062, 0.012184, -0.217149, 0.195595, -0.217292, 0.011942, -0.976034, 1.849985, -0.009299, 0.999854, 0.014304, 0.70076, 0.0, 0.0, 0.0, 1.0],
                [0.976062, 0.012184, -0.217149, 0.195595, -0.217292, 0.011942, -0.976034, 1.849985, -0.009299, 0.999854, 0.014304, 0.70076, 0.0, 0.0, 0.0, 1.0],
                [0.976062, 0.012184, -0.217149, 0.195595, -0.217292, 0.011942, -0.976034, 1.849985, -0.009299, 0.999854, 0.014304, 0.70076, 0.0, 0.0, 0.0, 1.0],
                [0.976062, 0.012184, -0.217149, 0.195595, -0.217292, 0.011942, -0.976034, 1.849985, -0.009299, 0.999854, 0.014304, 0.70076, 0.0, 0.0, 0.0, 1.0],
                [0.976062, 0.012184, -0.217149, 0.195595, -0.217292, 0.011942, -0.976034, 1.849985, -0.009299, 0.999854, 0.014304, 0.70076, 0.0, 0.0, 0.0, 1.0]
            ]
        },
        {
            "name": "Thigh_R",
