{
    "animation": [
        {
            "name": "Root",
            "time": [0.0, 0.0167, 0.0333, 0.05, 0.0667, 0.0833, 0.1, 0.1167, 0.1333, 0.15, 0.1667, 0.1833, 0.2, 0.2167, 0.2333, 0.25, 0.2667, 0.2833, 0.3, 0.3167, 0.3333, 0.35, 0.3667, 0.3833, 0.4, 0.4167, 0.4333, 0.45, 0.4667, 0.4833, 0.5, 0.5167, 0.5333, 0.55, 0.5667, 0.5833, 0.6, 0.6167, 0.6333, 0.65, 0.6667, 0.6833, 0.7, 0.7167, 0.7333, 0.75, 0.7667, 0.7833, 0.8, 0.8167, 0.8333, 0.85, 0.8667, 0.8833, 0.9, 0.9167, 0.9333, 0.95, 0.9667, 0.9833, 1.0, 1.0167, 1.0333, 1.05, 1.0667, 1.0833, 1.1, 1.1167, 1.1333, 1.15, 1.1667, 1.1833, 1.2, 1.2167, 1.2333, 1.25, 1.2667, 1.2833, 1.3, 1.3167, 1.3333, 1.35, 1.3667, 1.3833, 1.4, 1.4167, 1.4333, 1.45, 1.4667, 1.4833, 1.5, 1.5167, 1.5333, 1.55, 1.5667, 1.5833, 1.6, 1.6167, 1.6333, 1.65, 1.6667, 1.6833, 1.7, 1.7167, 1.7333, 1.75, 1.7667, 1.7833, 1.8, 1.8167, 1.8333, 1.85, 1.8667, 1.8833, 1.9, 1.9167, 1.9333, 1.95, 1.9667, 1.9833, 2.0, 2.0167, 2.0333, 2.05, 2.0667, 2.0833, 2.1, 2.1167, 2.1333, 2.15, 2.1667, 2.1833, 2.2, 2.2167, 2.2333, 2.25, 2.2667, 2.2833, 2.3, 2.3167, 2.3333, 2.35, 2.3667, 2.3833, 2.4, 2.4167, 2.4333, 2.45, 2.4667, 2.4833, 2.5],
            "transform": [
                [0.999926, 0.009849, 0.007051, 0.00122, 0.007483, -0.044536, -0.99898, 0.131362, -0.009525, 0.998959, -0.044606, 0.736777, 0.0, 0.0, 0.0, 1.0],
                [0.999131, 0.007249, -0.041044, 0.002023, -0.040892, -0.020012, -0.998963, 0.151461, -0.008063, 0.999773, -0.019698, 0.736079, 0.0, 0.0, 0.0, 1.0],
                [0.98604, 0.004144, -0.166457, 0.003938, -0.16649, 0.039557, -0.985249, 0.204589, 0.002502, 0.999209, 0.039694, 0.732552, 0.0, 0.0, 0.0, 1.0],
                [0.941751, 0.007338, -0.336231, 0.006223, -0.334909, 0.111647, -0.935612, 0.279986, 0.030674, 0.993721, 0.107601, 0.724052, 0.0, 0.0, 0.0, 1.0],
                [0.859352, 0.015247, -0.511157, 0.008137, -0.505844, 0.172088, -0.845285, 0.366894, 0.075076, 0.984964, 0.155597, 0.70843, 0.0, 0.0, 0.0, 1.0],
                [0.753185, 0.014201, -0.657656, 0.00894, -0.646483, 0.200707, -0.736055, 0.454557, 0.121544, 0.979548, 0.16035, 0.68354, 0.0, 0.0, 0.0, 1.0],
                [0.648272, -0.004554, -0.761395, 0.005477, -0.74428, 0.207124, -0.634939, 0.53432, 0.160595, 0.978304, 0.130883, 0.648384, 0.0, 0.0, 0.0, 1.0],
                [0.552342, -0.032253, -0.832993, -0.003698, -0.810405, 0.213387, -0.545627, 0.60595, 0.195348, 0.976435, 0.091725, 0.606552, 0.0, 0.0, 0.0, 1.0],
                [0.462012, -0.062666, -0.884657, -0.016764, -0.857688, 0.222222, -0.463669, 0.671321, 0.225646, 0.97298, 0.048921, 0.562783, 0.0, 0.0, 0.0, 1.0],
                [0.370471, -0.089006, -0.92457, -0.031899, -0.894111, 0.235485, -0.380936, 0.732302, 0.251628, 0.967794, 0.00766, 0.521815, 0.0, 0.0, 0.0, 1.0],
                [0.269325, -0.103688, -0.957451, -0.047281, -0.92344, 0.254388, -0.287307, 0.790765, 0.273354, 0.961528, -0.027236, 0.488387, 0.0, 0.0, 0.0, 1.0],
                [0.153739, -0.098414, -0.983198, -0.061394, -0.943476, 0.281063, -0.175661, 0.848199, 0.293628, 0.95463, -0.049641, 0.46568, 0.0, 0.0, 0.0, 1.0],
                [0.035944, -0.074755, -0.996554, -0.073945, -0.948477, 0.311568, -0.057581, 0.904555, 0.314799, 0.947278, -0.059704, 0.45209, 0.0, 0.0, 0.0, 1.0],
                [-0.066437, -0.041299, -0.996936, -0.084947, -0.939599, 0.338813, 0.04858, 0.959401, 0.335769, 0.939947, -0.061314, 0.445173, 0.0, 0.0, 0.0, 1.0],
                [-0.137009, -0.008745, -0.990531, -0.09441, -0.92495, 0.359027, 0.124768, 1.012304, 0.354537, 0.933286, -0.057278, 0.442487, 0.0, 0.0, 0.0, 1.0],
                [-0.161964, 0.011645, -0.986728, -0.102348, -0.915515, 0.371368, 0.154658, 1.062833, 0.36824, 0.928413, -0.049487, 0.441589, 0.0, 0.0, 0.0, 1.0],
                [-0.157676, 0.02241, -0.987236, -0.108824, -0.914017, 0.375106, 0.154497, 1.110554, 0.37378, 0.926711, -0.038662, 0.440476, 0.0, 0.0, 0.0, 1.0],
                [-0.15004, 0.033199, -0.988122, -0.114102, -0.916002, 0.371439, 0.151569, 1.155036, 0.372059, 0.927863, -0.02532, 0.438917, 0.0, 0.0, 0.0, 1.0],
                [-0.140546, 0.043763, -0.989106, -0.118499, -0.920103, 0.363122, 0.146807, 1.195847, 0.365591, 0.930713, -0.010768, 0.437117, 0.0, 0.0, 0.0, 1.0],
                [-0.130619, 0.053817, -0.989971, -0.122331, -0.924955, 0.352868, 0.141223, 1.232554, 0.356929, 0.934124, 0.003687, 0.435284, 0.0, 0.0, 0.0, 1.0],
                [-0.121623, 0.062998, -0.990575, -0.125913, -0.929305, 0.343386, 0.135938, 1.264724, 0.348714, 0.937079, 0.016781, 0.433627, 0.0, 0.0, 0.0, 1.0],
                [-0.11486, 0.070871, -0.99085, -0.129563, -0.932038, 0.337393, 0.132175, 1.291926, 0.343674, 0.938692, 0.027301, 0.432352, 0.0, 0.0, 0.0, 1.0],
                [-0.111595, 0.076965, -0.990769, -0.133595, -0.932103, 0.337593, 0.131212, 1.313727, 0.344575, 0.93814, 0.034066, 0.431668, 0.0, 0.0, 0.0, 1.0],
                [-0.110707, 0.083444, -0.990344, -0.138247, -0.929933, 0.342896, 0.132846, 1.330084, 0.350671, 0.93566, 0.039636, 0.431394, 0.0, 0.0, 0.0, 1.0],
                [-0.110455, 0.092397, -0.989577, -0.14344, -0.926706, 0.350261, 0.136142, 1.342505, 0.359189, 0.932083, 0.046937, 0.431204, 0.0, 0.0, 0.0, 1.0],
                [-0.111142, 0.103267, -0.988425, -0.149014, -0.922422, 0.359418, 0.141271, 1.352887, 0.369847, 0.927445, 0.055309, 0.431083, 0.0, 0.0, 0.0, 1.0],
                [-0.113073, 0.115511, -0.986849, -0.154811, -0.917067, 0.37009, 0.148397, 1.363127, 0.382365, 0.921786, 0.064084, 0.431014, 0.0, 0.0, 0.0, 1.0],
                [-0.116561, 0.12861, -0.984821, -0.160671, -0.910615, 0.381998, 0.157664, 1.375122, 0.396477, 0.91517, 0.072589, 0.430983, 0.0, 0.0, 0.0, 1.0],
                [-0.121929, 0.142069, -0.982319, -0.166437, -0.903024, 0.394868, 0.169195, 1.39077, 0.411923, 0.907687, 0.080146, 0.430975, 0.0, 0.0, 0.0, 1.0],
                [-0.129525, 0.155418, -0.979321, -0.171949, -0.894235, 0.408439, 0.18309, 1.411966, 0.428448, 0.899457, 0.086077, 0.430974, 0.0, 0.0, 0.0, 1.0],
                [-0.139716, 0.168214, -0.975799, -0.177049, -0.884165, 0.422472, 0.199424, 1.440609, 0.445794, 0.89063, 0.089703, 0.430966, 0.0, 0.0, 0.0, 1.0],
                [-0.1529, 0.180039, -0.971703, -0.181578, -0.872704, 0.436756, 0.218245, 1.478595, 0.46369, 0.881379, 0.090341, 0.430935, 0.0, 0.0, 0.0, 1.0],
                [-0.169502, 0.190494, -0.966944, -0.185376, -0.859709, 0.451114, 0.239576, 1.527822, 0.48184, 0.871899, 0.087305, 0.430866, 0.0, 0.0, 0.0, 1.0],
                [-0.189976, 0.199193, -0.96137, -0.188286, -0.844992, 0.465408, 0.26341, 1.590185, 0.499899, 0.86239, 0.079901, 0.430744, 0.0, 0.0, 0.0, 1.0],
                [-0.214802, 0.205758, -0.954738, -0.190148, -0.828314, 0.479548, 0.289708, 1.667583, 0.517453, 0.853051, 0.067424, 0.430554, 0.0, 0.0, 0.0, 1.0],
                [-0.244479, 0.209808, -0.946684, -0.190804, -0.809375, 0.493498, 0.31839, 1.761912, 0.533987, 0.844062, 0.049163, 0.430281, 0.0, 0.0, 0.0, 1.0],
                [-0.279539, 0.206367, -0.937695, -0.190083, -0.785009, 0.513202, 0.346966, 1.885872, 0.552829, 0.833089, 0.01854, 0.42635, 0.0, 0.0, 0.0, 1.0],
                [-0.316334, 0.195405, -0.928305, -0.187918, -0.755131, 0.54044, 0.371083, 2.045814, 0.574205, 0.818377, -0.023403, 0.416305, 0.0, 0.0, 0.0, 1.0],
                [-0.348941, 0.183449, -0.919014, -0.184304, -0.724832, 0.568767, 0.388746, 2.234117, 0.59402, 0.80178, -0.065497, 0.401815, 0.0, 0.0, 0.0, 1.0],
                [-0.371281, 0.176244, -0.91164, -0.179239, -0.700081, 0.591826, 0.399536, 2.443158, 0.609948, 0.786562, -0.096348, 0.384545, 0.0, 0.0, 0.0, 1.0],
                [-0.377248, 0.178938, -0.908661, -0.172719, -0.687206, 0.603645, 0.404179, 2.665316, 0.620832, 0.776913, -0.104757, 0.36616, 0.0, 0.0, 0.0, 1.0],
                [-0.361542, 0.191717, -0.912431, -0.164738, -0.68562, 0.608522, 0.399531, 2.898107, 0.631832, 0.770029, -0.088562, 0.348259, 0.0, 0.0, 0.0, 1.0],
                [-0.319384, 0.211725, -0.92367, -0.155283, -0.689363, 0.616889, 0.379771, 3.159594, 0.650209, 0.758037, -0.051069, 0.33216, 0.0, 0.0, 0.0, 1.0],
                [-0.24431, 0.238825, -0.939827, -0.144338, -0.695146, 0.632597, 0.341458, 3.472979, 0.676081, 0.736738, 0.011469, 0.319113, 0.0, 0.0, 0.0, 1.0],
                [-0.127516, 0.271195, -0.95404, -0.131888, -0.696718, 0.660117, 0.280767, 3.861463, 0.705921, 0.700499, 0.104771, 0.310369, 0.0, 0.0, 0.0, 1.0],
                [0.042007, 0.303258, -0.951982, -0.117916, -0.682592, 0.704496, 0.1943, 4.34825, 0.729591, 0.641653, 0.236596, 0.307176, 0.0, 0.0, 0.0, 1.0],
                [0.28526, 0.313846, -0.905609, -0.102709, -0.630758, 0.772891, 0.069168, 4.937659, 0.721646, 0.551489, 0.418435, 0.320874, 0.0, 0.0, 0.0, 1.0],
                [0.563444, 0.275678, -0.778802, -0.08776, -0.532177, 0.84216, -0.086911, 5.558488, 0.631916, 0.46343, 0.62122, 0.353516, 0.0, 0.0, 0.0, 1.0],
                [0.784799, 0.209299, -0.583339, -0.074861, -0.419717, 0.872032, -0.251789, 6.120655, 0.455991, 0.442441, 0.772216, 0.392422, 0.0, 0.0, 0.0, 1.0],
                [0.904169, 0.169777, -0.391988, -0.065806, -0.34052, 0.84051, -0.421412, 6.550868, 0.257924, 0.514508, 0.817775, 0.426595, 0.0, 0.0, 0.0, 1.0],
                [0.950233, 0.158044, -0.268477, -0.062389, -0.286595, 0.78134, -0.55441, 6.842999, 0.122151, 0.603763, 0.78775, 0.451769, 0.0, 0.0, 0.0, 1.0],
                [0.964874, 0.150782, -0.215136, -0.062534, -0.254811, 0.736473, -0.626641, 7.012934, 0.063956, 0.659448, 0.749024, 0.466438, 0.0, 0.0, 0.0, 1.0],
                [0.969033, 0.147962, -0.197696, -0.062923, -0.243399, 0.707296, -0.663693, 7.097435, 0.041628, 0.691259, 0.721407, 0.473405, 0.0, 0.0, 0.0, 1.0],
                [0.969629, 0.146301, -0.196003, -0.063485, -0.242061, 0.688804, -0.683341, 7.13848, 0.035034, 0.710031, 0.703298, 0.476547, 0.0, 0.0, 0.0, 1.0],
                [0.970355, 0.145252, -0.193165, -0.064152, -0.239922, 0.675265, -0.697463, 7.170829, 0.02913, 0.723131, 0.690096, 0.479073, 0.0, 0.0, 0.0, 1.0],
                [0.971613, 0.144742, -0.187134, -0.064854, -0.235566, 0.664998, -0.708722, 7.200346, 0.021862, 0.732685, 0.680216, 0.481496, 0.0, 0.0, 0.0, 1.0],
                [0.97305, 0.144605, -0.179622, -0.065521, -0.230153, 0.657306, -0.71762, 7.22567, 0.014295, 0.739621, 0.672872, 0.483657, 0.0, 0.0, 0.0, 1.0],
                [0.974364, 0.144625, -0.172335, -0.066084, -0.224856, 0.651378, -0.724669, 7.245443, 0.00745, 0.744842, 0.667199, 0.485397, 0.0, 0.0, 0.0, 1.0],
                [0.975307, 0.144574, -0.16696, -0.066472, -0.220844, 0.64634, -0.730392, 7.258304, 0.002317, 0.749227, 0.662308, 0.486558, 0.0, 0.0, 0.0, 1.0],
                [0.975665, 0.144223, -0.165159, -0.066617, -0.219266, 0.641276, -0.735315, 7.262893, -0.000137, 0.753634, 0.657294, 0.48698, 0.0, 0.0, 0.0, 1.0],
                [0.975009, 0.144562, -0.168698, -0.066617, -0.222165, 0.634921, -0.739944, 7.261792, 0.000142, 0.758931, 0.651171, 0.48698, 0.0, 0.0, 0.0, 1.0],
                [0.973133, 0.146416, -0.177692, -0.066617, -0.230231, 0.626859, -0.744339, 7.258631, 0.002405, 0.765251, 0.643727, 0.48698, 0.0, 0.0, 0.0, 1.0],
                [0.97011, 0.149286, -0.191313, -0.066617, -0.242582, 0.61741, -0.748304, 7.253625, 0.006408, 0.772346, 0.63517, 0.48698, 0.0, 0.0, 0.0, 1.0],
                [0.965985, 0.152678, -0.208718, -0.066617, -0.258326, 0.606902, -0.751623, 7.24699, 0.011915, 0.779974, 0.625699, 0.48698, 0.0, 0.0, 0.0, 1.0],
                [0.960815, 0.15612, -0.229044, -0.066617, -0.276558, 0.595687, -0.754103, 7.238938, 0.018708, 0.787898, 0.615522, 0.48698, 0.0, 0.0, 0.0, 1.0],
                [0.954703, 0.159169, -0.251413, -0.066617, -0.296371, 0.58415, -0.755601, 7.229682, 0.026595, 0.795886, 0.604863, 0.48698, 0.0, 0.0, 0.0, 1.0],
                [0.947813, 0.161427, -0.274941, -0.066617, -0.316855, 0.57271, -0.756047, 7.219442, 0.035416, 0.803707, 0.59397, 0.48698, 0.0, 0.0, 0.0, 1.0],
                [0.940388, 0.162543, -0.29875, -0.066617, -0.337109, 0.561817, -0.75546, 7.208428, 0.045048, 0.811136, 0.58312, 0.48698, 0.0, 0.0, 0.0, 1.0],
                [0.932748, 0.162217, -0.321974, -0.066617, -0.356247, 0.551948, -0.75395, 7.196855, 0.05541, 0.817948, 0.572618, 0.48698, 0.0, 0.0, 0.0, 1.0],
                [0.925287, 0.160194, -0.343777, -0.066617, -0.373402, 0.543591, -0.751718, 7.184939, 0.066453, 0.823921, 0.562795, 0.48698, 0.0, 0.0, 0.0, 1.0],
                [0.918454, 0.156257, -0.363355, -0.066617, -0.387729, 0.537234, -0.74903, 7.172892, 0.078165, 0.828832, 0.55401, 0.48698, 0.0, 0.0, 0.0, 1.0],
                [0.912625, 0.150351, -0.380145, -0.066672, -0.39865, 0.53323, -0.746152, 7.172892, 0.09052, 0.832502, 0.546577, 0.486988, 0.0, 0.0, 0.0, 1.0],
                [0.907795, 0.142886, -0.394326, -0.066824, -0.406498, 0.531282, -0.743303, 7.172892, 0.10329, 0.835058, 0.540378, 0.487011, 0.0, 0.0, 0.0, 1.0],
                [0.903846, 0.134334, -0.406223, -0.067056, -0.41179, 0.530875, -0.740675, 7.172892, 0.116156, 0.836735, 0.535147, 0.487045, 0.0, 0.0, 0.0, 1.0],
                [0.900643, 0.125136, -0.416154, -0.067352, -0.415042, 0.531486, -0.738419, 7.172892, 0.128777, 0.837773, 0.530616, 0.487089, 0.0, 0.0, 0.0, 1.0],
                [0.898043, 0.115714, -0.424416, -0.067694, -0.416767, 0.532589, -0.73665, 7.172892, 0.140799, 0.838426, 0.526514, 0.487139, 0.0, 0.0, 0.0, 1.0],
                [0.895904, 0.106476, -0.4313, -0.068067, -0.417487, 0.533665, -0.735463, 7.172892, 0.151861, 0.838966, 0.522565, 0.487194, 0.0, 0.0, 0.0, 1.0],
                [0.894086, 0.097825, -0.437083, -0.068452, -0.41773, 0.534202, -0.734935, 7.172892, 0.161596, 0.839677, 0.518487, 0.487251, 0.0, 0.0, 0.0, 1.0],
                [0.892456, 0.090159, -0.442034, -0.068832, -0.418028, 0.533697, -0.735133, 7.172892, 0.169633, 0.840856, 0.51399, 0.487307, 0.0, 0.0, 0.0, 1.0],
                [0.890884, 0.083876, -0.446419, -0.069192, -0.418917, 0.531648, -0.73611, 7.172892, 0.175596, 0.842802, 0.508774, 0.48736, 0.0, 0.0, 0.0, 1.0],
                [0.889238, 0.079371, -0.450506, -0.069514, -0.420927, 0.527552, -0.737908, 7.172892, 0.179097, 0.845806, 0.502529, 0.487408, 0.0, 0.0, 0.0, 1.0],
                [0.887375, 0.077036, -0.454567, -0.069781, -0.424574, 0.520888, -0.740549, 7.172892, 0.17973, 0.850142, 0.49493, 0.487447, 0.0, 0.0, 0.0, 1.0],
                [0.885112, 0.076283, -0.459085, -0.069981, -0.429969, 0.511476, -0.743989, 7.172892, 0.178057, 0.855905, 0.485512, 0.487493, 0.0, 0.0, 0.0, 1.0],
                [0.882427, 0.076124, -0.464251, -0.070124, -0.436689, 0.499632, -0.748112, 7.172892, 0.175005, 0.862886, 0.474131, 0.487626, 0.0, 0.0, 0.0, 1.0],
                [0.879406, 0.076346, -0.469912, -0.070224, -0.444419, 0.485562, -0.752809, 7.172892, 0.170697, 0.870862, 0.460936, 0.487943, 0.0, 0.0, 0.0, 1.0],
                [0.876139, 0.076738, -0.475912, -0.070296, -0.452845, 0.469477, -0.757973, 7.172892, 0.165265, 0.879604, 0.446077, 0.488544, 0.0, 0.0, 0.0, 1.0],
                [0.872723, 0.077094, -0.482091, -0.070355, -0.461651, 0.4516, -0.763502, 7.172892, 0.158851, 0.888883, 0.429712, 0.489525, 0.0, 0.0, 0.0, 1.0],
                [0.869264, 0.077221, -0.48828, -0.070416, -0.470526, 0.432171, -0.769307, 7.172892, 0.151614, 0.898479, 0.412005, 0.490985, 0.0, 0.0, 0.0, 1.0],
                [0.865876, 0.076936, -0.494307, -0.070492, -0.479166, 0.411449, -0.775313, 7.172892, 0.143732, 0.90818, 0.393129, 0.493022, 0.0, 0.0, 0.0, 1.0],
                [0.862685, 0.076071, -0.499988, -0.070599, -0.487279, 0.389711, -0.781463, 7.172892, 0.135404, 0.91779, 0.373265, 0.495732, 0.0, 0.0, 0.0, 1.0],
                [0.85982, 0.074471, -0.505138, -0.070752, -0.49459, 0.367253, -0.787722, 7.172892, 0.126851, 0.927135, 0.352604, 0.499215, 0.0, 0.0, 0.0, 1.0],
                [0.857418, 0.072, -0.509559, -0.070964, -0.500836, 0.344389, -0.794078, 7.172892, 0.118313, 0.936062, 0.331345, 0.503567, 0.0, 0.0, 0.0, 1.0],
                [0.855617, 0.068535, -0.513052, -0.071251, -0.505775, 0.321443, -0.800541, 7.172892, 0.110052, 0.944445, 0.309696, 0.508887, 0.0, 0.0, 0.0, 1.0],
                [0.854551, 0.063972, -0.515413, -0.071627, -0.509184, 0.298749, -0.807143, 7.172892, 0.102344, 0.952185, 0.28787, 0.515273, 0.0, 0.0, 0.0, 1.0],
                [0.854348, 0.058218, -0.51643, -0.072107, -0.510855, 0.276643, -0.813938, 7.172892, 0.095481, 0.959207, 0.26609, 0.522822, 0.0, 0.0, 0.0, 1.0],
                [0.856278, 0.049574, -0.51413, -0.072764, -0.508464, 0.255964, -0.82216, 7.172892, 0.090841, 0.965414, 0.244383, 0.533534, 0.0, 0.0, 0.0, 1.0],
                [0.861113, 0.037353, -0.50704, -0.073604, -0.500537, 0.237158, -0.832598, 7.172892, 0.089149, 0.970752, 0.222916, 0.5485, 0.0, 0.0, 0.0, 1.0],
                [0.868177, 0.022932, -0.495724, -0.074544, -0.488085, 0.219963, -0.844624, 7.172892, 0.089672, 0.975238, 0.20216, 0.566456, 0.0, 0.0, 0.0, 1.0],
                [0.876788, 0.007642, -0.480817, -0.0755, -0.472072, 0.204156, -0.857594, 7.172892, 0.091608, 0.978908, 0.182609, 0.586138, 0.0, 0.0, 0.0, 1.0],
                [0.886307, -0.007227, -0.463042, -0.076389, -0.453441, 0.189583, -0.87089, 7.172892, 0.094079, 0.981838, 0.164751, 0.606281, 0.0, 0.0, 0.0, 1.0],
                [0.896182, -0.020421, -0.443217, -0.077128, -0.433147, 0.176177, -0.883937, 7.172892, 0.096135, 0.984146, 0.149042, 0.625621, 0.0, 0.0, 0.0, 1.0],
                [0.905959, -0.030718, -0.422249, -0.077632, -0.412159, 0.163966, -0.896237, 7.172892, 0.096765, 0.985987, 0.135886, 0.642895, 0.0, 0.0, 0.0, 1.0],
                [0.915284, -0.036929, -0.401113, -0.077819, -0.39147, 0.15306, -0.907372, 7.172892, 0.094903, 0.987526, 0.125637, 0.656838, 0.0, 0.0, 0.0, 1.0],
                [0.923786, -0.04036, -0.380777, -0.077708, -0.371781, 0.143464, -0.917168, 7.172892, 0.091645, 0.988832, 0.117525, 0.668047, 0.0, 0.0, 0.0, 1.0],
                [0.931354, -0.043137, -0.36155, -0.077385, -0.353131, 0.135029, -0.925778, 7.172892, 0.088755, 0.989902, 0.110527, 0.678012, 0.0, 0.0, 0.0, 1.0],
                [0.938079, -0.045322, -0.343442, -0.076865, -0.335537, 0.127678, -0.933334, 7.172892, 0.086151, 0.990779, 0.104565, 0.686807, 0.0, 0.0, 0.0, 1.0],
                [0.944046, -0.046968, -0.326453, -0.076161, -0.319003, 0.12133, -0.939955, 7.172892, 0.083756, 0.9915, 0.099558, 0.694503, 0.0, 0.0, 0.0, 1.0],
                [0.94933, -0.04812, -0.310574, -0.075287, -0.303528, 0.115897, -0.945747, 7.172892, 0.081504, 0.992095, 0.095419, 0.701175, 0.0, 0.0, 0.0, 1.0],
                [0.954005, -0.048816, -0.29579, -0.074257, -0.289103, 0.11129, -0.950807, 7.172892, 0.079333, 0.992588, 0.092058, 0.706896, 0.0, 0.0, 0.0, 1.0],
                [0.958135, -0.049086, -0.282079, -0.073085, -0.275717, 0.107417, -0.955218, 7.172892, 0.077188, 0.993001, 0.089386, 0.711738, 0.0, 0.0, 0.0, 1.0],
                [0.961778, -0.048955, -0.269417, -0.071786, -0.263352, 0.104182, -0.959057, 7.172892, 0.075019, 0.993352, 0.087308, 0.715776, 0.0, 0.0, 0.0, 1.0],
                [0.96499, -0.048442, -0.257776, -0.070374, -0.251988, 0.10149, -0.962394, 7.172892, 0.072782, 0.993656, 0.08573, 0.719081, 0.0, 0.0, 0.0, 1.0],
                [0.967816, -0.047561, -0.247124, -0.068862, -0.241602, 0.099242, -0.965287, 7.172892, 0.070435, 0.993926, 0.084558, 0.721728, 0.0, 0.0, 0.0, 1.0],
                [0.9703, -0.046323, -0.237428, -0.067264, -0.232168, 0.097341, -0.967793, 7.172892, 0.067943, 0.994172, 0.083695, 0.723789, 0.0, 0.0, 0.0, 1.0],
                [0.972479, -0.044735, -0.228654, -0.065595, -0.22366, 0.095686, -0.969959, 7.172892, 0.06527, 0.994405, 0.083047, 0.725338, 0.0, 0.0, 0.0, 1.0],
                [0.974388, -0.042801, -0.220765, -0.063869, -0.216048, 0.094177, -0.97183, 7.172892, 0.062386, 0.994635, 0.082518, 0.726448, 0.0, 0.0, 0.0, 1.0],
                [0.976053, -0.040522, -0.213725, -0.062099, -0.209305, 0.092712, -0.973445, 7.172892, 0.059261, 0.994868, 0.08201, 0.727192, 0.0, 0.0, 0.0, 1.0],
                [0.977501, -0.037898, -0.207497, -0.060301, -0.203397, 0.091189, -0.97484, 7.172892, 0.055866, 0.995112, 0.081429, 0.727644, 0.0, 0.0, 0.0, 1.0],
                [0.978753, -0.034929, -0.202045, -0.058487, -0.198293, 0.089505, -0.976047, 7.172892, 0.052176, 0.995373, 0.080677, 0.727875, 0.0, 0.0, 0.0, 1.0],
                [0.979827, -0.031611, -0.197332, -0.056672, -0.193957, 0.087558, -0.977094, 7.172892, 0.048165, 0.995657, 0.07966, 0.727961, 0.0, 0.0, 0.0, 1.0],
                [0.980737, -0.027941, -0.193323, -0.054869, -0.190356, 0.085243, -0.978007, 7.172892, 0.043806, 0.995968, 0.078282, 0.727973, 0.0, 0.0, 0.0, 1.0],
                [0.9815, -0.023932, -0.189962, -0.05309, -0.18743, 0.082477, -0.978809, 7.172892, 0.039092, 0.996305, 0.076466, 0.727958, 0.0, 0.0, 0.0, 1.0],
                [0.98214, -0.019659, -0.18712, -0.051328, -0.185036, 0.079262, -0.97953, 7.172892, 0.034088, 0.996659, 0.074209, 0.727916, 0.0, 0.0, 0.0, 1.0],
                [0.982687, -0.015211, -0.184647, -0.049574, -0.183009, 0.075622, -0.980198, 7.172892, 0.028873, 0.99702, 0.071528, 0.727852, 0.0, 0.0, 0.0, 1.0],
                [0.983167, -0.01068, -0.182395, -0.047818, -0.181186, 0.07158, -0.98084, 7.172892, 0.023531, 0.997377, 0.06844, 0.727769, 0.0, 0.0, 0.0, 1.0],
                [0.983609, -0.006154, -0.180211, -0.04605, -0.179401, 0.067162, -0.98148, 7.172892, 0.018143, 0.997723, 0.064957, 0.727671, 0.0, 0.0, 0.0, 1.0],
                [0.984039, -0.001721, -0.177944, -0.044261, -0.177492, 0.062395, -0.982142, 7.172892, 0.012793, 0.99805, 0.061094, 0.727563, 0.0, 0.0, 0.0, 1.0],
                [0.984487, 0.002533, -0.175441, -0.04244, -0.175296, 0.057305, -0.982846, 7.172892, 0.007564, 0.998353, 0.05686, 0.727449, 0.0, 0.0, 0.0, 1.0],
                [0.984979, 0.006522, -0.172548, -0.040579, -0.172652, 0.051922, -0.983613, 7.172892, 0.002544, 0.998629, 0.052268, 0.727332, 0.0, 0.0, 0.0, 1.0],
                [0.985545, 0.010165, -0.169108, -0.038668, -0.169399, 0.046273, -0.98446, 7.172892, -0.002182, 0.998877, 0.047326, 0.727218, 0.0, 0.0, 0.0, 1.0],
                [0.986208, 0.013379, -0.164965, -0.036696, -0.165378, 0.040388, -0.985402, 7.172892, -0.006521, 0.999094, 0.042044, 0.72711, 0.0, 0.0, 0.0, 1.0],
                [0.986993, 0.016087, -0.159958, -0.034654, -0.160429, 0.034295, -0.986451, 7.172892, -0.010383, 0.999282, 0.03643, 0.727012, 0.0, 0.0, 0.0, 1.0],
                [0.987915, 0.018212, -0.153925, -0.032533, -0.154394, 0.028021, -0.987612, 7.172892, -0.013673, 0.999441, 0.030494, 0.726929, 0.0, 0.0, 0.0, 1.0],
                [0.988985, 0.01968, -0.146701, -0.030323, -0.147116, 0.02159, -0.988883, 7.172892, -0.016294, 0.999573, 0.024248, 0.726864, 0.0, 0.0, 0.0, 1.0],
                [0.990205, 0.020418, -0.138119, -0.028014, -0.138436, 0.015026, -0.990257, 7.172892, -0.018143, 0.999678, 0.017705, 0.726823, 0.0, 0.0, 0.0, 1.0],
                [0.991564, 0.020356, -0.128008, -0.025596, -0.128199, 0.008345, -0.991713, 7.172892, -0.019119, 0.999757, 0.010884, 0.726808, 0.0, 0.0, 0.0, 1.0],
                [0.993018, 0.019691, -0.116309, -0.02307, -0.116362, 0.001574, -0.993205, 7.172892, -0.019375, 0.999804, 0.003855, 0.726814, 0.0, 0.0, 0.0, 1.0],
                [0.99446, 0.018749, -0.103424, -0.020477, -0.103345, -0.005153, -0.994632, 7.172892, -0.019182, 0.99981, -0.003186, 0.726859, 0.0, 0.0, 0.0, 1.0],
                [0.995796, 0.017647, -0.08988, -0.017866, -0.089683, -0.011657, -0.995902, 7.172892, -0.018622, 0.999776, -0.010025, 0.726979, 0.0, 0.0, 0.0, 1.0],
                [0.996955, 0.016489, -0.076207, -0.015288, -0.075914, -0.017756, -0.996956, 7.172892, -0.017792, 0.999706, -0.01645, 0.727213, 0.0, 0.0, 0.0, 1.0],
                [0.997899, 0.015368, -0.062943, -0.012793, -0.062576, -0.023263, -0.997769, 7.172892, -0.016798, 0.999611, -0.022252, 0.7276, 0.0, 0.0, 0.0, 1.0],
                [0.998618, 0.014352, -0.050547, -0.010427, -0.05013, -0.028029, -0.998349, 7.172892, -0.015745, 0.999504, -0.027271, 0.728242, 0.0, 0.0, 0.0, 1.0],
                [0.999142, 0.013446, -0.039168, -0.008217, -0.03872, -0.032066, -0.998735, 7.172892, -0.014685, 0.999395, -0.031518, 0.729163, 0.0, 0.0, 0.0, 1.0],
                [0.999503, 0.012643, -0.028876, -0.006184, -0.028413, -0.035428, -0.998968, 7.172892, -0.013653, 0.999292, -0.035051, 0.730281, 0.0, 0.0, 0.0, 1.0],
                [0.999734, 0.011938, -0.019741, -0.004352, -0.019272, -0.038168, -0.999085, 7.172892, -0.012681, 0.999199, -0.037927, 0.731515, 0.0, 0.0, 0.0, 1.0],
                [0.999865, 0.011329, -0.011829, -0.002741, -0.011363, -0.040338, -0.999121, 7.172892, -0.011797, 0.999121, -0.040204, 0.732782, 0.0, 0.0, 0.0, 1.0],
                [0.999928, 0.010818, -0.005207, -0.001373, -0.004749, -0.041993, -0.999106, 7.172892, -0.011027, 0.999059, -0.041939, 0.734003, 0.0, 0.0, 0.0, 1.0],
                [0.999945, 0.010407, 5.7e-05, -0.000271, 0.000506, -0.043186, -0.999066, 7.172892, -0.010395, 0.999012, -0.043189, 0.735094, 0.0, 0.0, 0.0, 1.0],
                [0.999941, 0.010102, 0.003899, 0.000543, 0.004339, -0.043971, -0.999023, 7.172892, -0.009921, 0.998981, -0.044012, 0.735975, 0.0, 0.0, 0.0, 1.0],
                [0.999931, 0.009912, 0.006252, 0.001048, 0.006686, -0.044402, -0.998991, 7.172892, -0.009625, 0.998964, -0.044465, 0.736563, 0.0, 0.0, 0.0, 1.0],
                [0.999926, 0.009846, 0.007051, 0.001221, 0.007482, -0.044533, -0.998979, 7.172892, -0.009522, 0.998959, -0.044604, 0.736777, 0.0, 0.0, 0.0, 1.0]
            ]
        },
        {
            "name": "Thigh_R",
            "time": [0.0, 0.0167, 0.0333, 0.05, 0.0667, 0.0833, 0.1, 0.1167, 0.1333, 0.15, 0.1667, 0.1833, 0.2, 0.2167, 0.2333, 0.25, 0.2667, 0.2833, 0.3, 0.3167, 0.3333, 0.35, 0.3667, 0.3833, 0.4, 0.4167, 0.4333, 0.45, 0.4667, 0.4833, 0.5, 0.5167, 0.5333, 0.55, 0.5667, 0.5833, 0.6, 0.6167, 0.6333, 0.65, 0.6667, 0.6833, 0.7, 0.7167, 0.7333, 0.75, 0.7667, 0.7833, 0.8, 0.8167, 0.8333, 0.85, 0.8667, 0.8833, 0.9, 0.9167, 0.9333, 0.95, 0.9667, 0.9833, 1.0, 1.0167, 1.0333, 1.05, 1.0667, 1.0833, 1.1, 1.1167, 1.1333, 1.15, 1.1667, 1.1833, 1.2, 1.2167, 1.2333, 1.25, 1.2667, 1.2833, 1.3, 1.3167, 1.3333, 1.35, 1.3667, 1.3833, 1.4, 1.4167, 1.4333, 1.45, 1.4667, 1.4833, 1.5, 1.5167, 1.5333, 1.55, 1.5667, 1.5833, 1.6, 1.6167, 1.6333, 1.65, 1.6667, 1.6833, 1.7, 1.7167, 1.7333, 1.75, 1.7667, 1.7833, 1.8, 1.8167, 1.8333, 1.85, 1.8667, 1.8833, 1.9, 1.9167, 1.9333, 1.95, 1.9667, 1.9833, 2.0, 2.0167, 2.0333, 2.05, 2.0667, 2.0833, 2.1, 2.1167, 2.1333, 2.15, 2.1667, 2.1833, 2.2, 2.2167, 2.2333, 2.25, 2.2667, 2.2833, 2.3, 2.3167, 2.3333, 2.35, 2.3667, 2.3833, 2.4, 2.4167, 2.4333, 2.45, 2.4667, 2.4833, 2.5],
            "transform": [
                [0.984365, 0.113129, 0.135008, 0.124994, 0.107916, -0.993125, 0.045347, -0.002831, 0.13921, -0.030069, -0.989806, -1.2e-05, 0.0, 0.0, 0.0, 1.0],
                [0.980006, 0.123606, 0.155914, 0.124994, 0.112526, -0.99058, 0.078032, -0.002831, 0.164091, -0.058928, -0.984683, -1.2e-05, 0.0, 0.0, 0.0, 1.0],
                [0.967554, 0.147559, 0.205099, 0.124994, 0.115333, -0.980175, 0.161109, -0.002831, 0.224806, -0.132227, -0.96539, -1.2e-05, 0.0, 0.0, 0.0, 1.0],
                [0.949506, 0.173863, 0.261173, 0.124994, 0.101946, -0.958218, 0.267258, -0.002831, 0.296727, -0.227137, -0.927557, -1.2e-05, 0.0, 0.0, 0.0, 1.0],
                [0.933031, 0.196193, 0.301598, 0.124994, 0.07517, -0.926045, 0.369853, -0.002831, 0.351856, -0.322413, -0.878776, -1.2e-05, 0.0, 0.0, 0.0, 1.0],
                [0.92623, 0.219259, 0.306633, 0.124994, 0.059581, -0.888365, 0.455256, -0.002831, 0.372221, -0.403403, -0.835894, -1.2e-05, 0.0, 0.0, 0.0, 1.0],
                [0.928025, 0.245267, 0.28038, 0.124994, 0.06257, -0.8446, 0.531728, -0.00283, 0.367224, -0.475914, -0.799157, -1.2e-05, 0.0, 0.0, 0.0, 1.0],
                [0.93288, 0.266114, 0.242729, 0.124994, 0.06858, -0.792802, 0.605609, -0.002831, 0.353597, -0.548315, -0.757839, -1.2e-05, 0.0, 0.0, 0.0, 1.0],
                [0.939327, 0.278478, 0.200286, 0.124994, 0.074617, -0.735787, 0.67309, -0.002831, 0.334808, -0.617307, -0.711924, -1.2e-05, 0.0, 0.0, 0.0, 1.0],
                [0.943885, 0.286849, 0.163707, 0.124994, 0.07751, -0.674211, 0.73446, -0.002831, 0.321052, -0.680557, -0.658611, -1.2e-05, 0.0, 0.0, 0.0, 1.0],
                [0.948909, 0.285455, 0.134487, 0.124994, 0.071982, -0.610779, 0.788522, -0.002831, 0.30723, -0.738555, -0.600121, -1.2e-05, 0.0, 0.0, 0.0, 1.0],
                [0.955272, 0.270853, 0.118718, 0.124994, 0.052255, -0.549724, 0.83371, -0.00283, 0.291075, -0.790217, -0.539289, -1.2e-05, 0.0, 0.0, 0.0, 1.0],
                [0.962284, 0.245247, 0.117743, 0.124994, 0.02128, -0.499335, 0.866148, -0.002831, 0.271213, -0.830975, -0.48572, -1.2e-05, 0.0, 0.0, 0.0, 1.0],
                [0.96871, 0.214329, 0.125152, 0.124994, -0.010823, -0.467293, 0.884037, -0.002831, 0.247957, -0.85773, -0.450352, -1.2e-05, 0.0, 0.0, 0.0, 1.0],
                [0.973862, 0.186009, 0.130359, 0.124994, -0.03214, -0.455291, 0.889763, -0.002831, 0.224855, -0.870696, -0.437412, -1.2e-05, 0.0, 0.0, 0.0, 1.0],
                [0.977642, 0.170788, 0.122675, 0.124994, -0.030828, -0.460676, 0.887033, -0.002831, 0.208008, -0.870982, -0.445111, -1.2e-05, 0.0, 0.0, 0.0, 1.0],
                [0.979823, 0.17129, 0.102985, 0.124994, -0.010494, -0.470472, 0.882353, -0.002831, 0.19959, -0.86563, -0.459182, -1.2e-05, 0.0, 0.0, 0.0, 1.0],
                [0.980375, 0.180209, 0.079942, 0.124994, 0.015543, -0.47489, 0.879908, -0.00283, 0.196531, -0.861397, -0.468371, -1.2e-05, 0.0, 0.0, 0.0, 1.0],
                [0.979329, 0.194297, 0.056244, 0.124994, 0.043904, -0.475611, 0.87856, -0.002831, 0.197452, -0.85793, -0.47431, -1.2e-05, 0.0, 0.0, 0.0, 1.0],
                [0.977061, 0.210174, 0.034342, 0.124994, 0.071246, -0.474566, 0.877332, -0.002831, 0.20069, -0.85476, -0.478653, -1.2e-05, 0.0, 0.0, 0.0, 1.0],
                [0.974276, 0.224732, 0.016811, 0.124994, 0.094223, -0.47397, 0.875486, -0.002831, 0.204717, -0.85138, -0.482952, -1.2e-05, 0.0, 0.0, 0.0, 1.0],
                [0.971839, 0.235575, 0.005783, 0.124994, 0.110235, -0.476179, 0.872412, -0.002831, 0.208272, -0.847206, -0.488737, -1.2e-05, 0.0, 0.0, 0.0, 1.0],
                [0.971681, 0.236287, 0.002013, 0.124994, 0.114026, -0.476334, 0.871839, -0.002831, 0.206963, -0.84692, -0.489788, -1.2e-05, 0.0, 0.0, 0.0, 1.0],
                [0.974538, 0.224195, 0.003396, 0.124994, 0.10417, -0.466117, 0.878569, -0.002831, 0.198554, -0.855846, -0.477603, -1.2e-05, 0.0, 0.0, 0.0, 1.0],
                [0.978849, 0.204417, 0.008269, 0.124994, 0.085498, -0.445455, 0.891212, -0.002831, 0.185862, -0.871655, -0.45351, -1.2e-05, 0.0, 0.0, 0.0, 1.0],
                [0.983458, 0.180307, 0.017313, 0.124994, 0.060988, -0.419614, 0.905651, -0.002831, 0.170561, -0.889614, -0.42367, -1.2e-05, 0.0, 0.0, 0.0, 1.0],
                [0.987481, 0.154835, 0.030126, 0.124994, 0.033653, -0.393387, 0.918757, -0.002831, 0.154106, -0.906241, -0.393673, -1.2e-05, 0.0, 0.0, 0.0, 1.0],
                [0.990607, 0.129446, 0.044054, 0.124994, 0.007184, -0.371006, 0.928603, -0.002831, 0.136548, -0.919564, -0.368452, -1.2e-05, 0.0, 0.0, 0.0, 1.0],
                [0.992796, 0.105843, 0.056155, 0.124994, -0.0149, -0.355973, 0.934378, -0.002831, 0.118887, -0.928483, -0.351832, -1.2e-05, 0.0, 0.0, 0.0, 1.0],
                [0.994313, 0.085688, 0.063244, 0.124994, -0.029219, -0.351566, 0.935707, -0.002831, 0.102413, -0.932233, -0.347063, -1.2e-05, 0.0, 0.0, 0.0, 1.0],
                [0.995576, 0.070499, 0.062107, 0.124994, -0.032533, -0.36147, 0.931816, -0.002831, 0.088142, -0.929715, -0.357577, -1.2e-05, 0.0, 0.0, 0.0, 1.0],
                [0.996938, 0.057654, 0.052816, 0.124994, -0.026708, -0.383758, 0.923047, -0.002831, 0.073486, -0.921632, -0.381043, -1.2e-05, 0.0, 0.0, 0.0, 1.0],
                [0.998215, 0.044935, 0.039342, 0.124994, -0.017184, -0.414787, 0.909756, -0.002831, 0.057199, -0.908808, -0.413275, -1.2e-05, 0.0, 0.0, 0.0, 1.0],
                [0.99909, 0.034688, 0.024792, 0.124994, -0.006202, -0.457049, 0.88942, -0.002831, 0.042183, -0.888765, -0.456418, -1.2e-05, 0.0, 0.0, 0.0, 1.0],
                [0.999442, 0.030468, 0.013707, 0.124994, 0.003925, -0.514514, 0.857473, -0.002831, 0.033178, -0.856941, -0.514347, -1.2e-05, 0.0, 0.0, 0.0, 1.0],
                [0.999294, 0.035617, 0.011975, 0.124994, 0.011616, -0.595888, 0.802984, -0.002831, 0.035736, -0.802277, -0.595881, -1.2e-05, 0.0, 0.0, 0.0, 1.0],
                [0.998334, 0.052156, 0.024681, 0.124994, 0.023105, -0.753289, 0.657284, -0.002831, 0.052873, -0.655619, -0.753238, -1.2e-05, 0.0, 0.0, 0.0, 1.0],
                [0.997753, 0.056797, 0.035532, 0.124994, 0.026207, -0.818981, 0.573221, -0.002831, 0.061657, -0.571002, -0.81863, -1.2e-05, 0.0, 0.0, 0.0, 1.0],
                [0.998232, 0.045336, 0.038435, 0.124994, 0.016069, -0.828439, 0.559849, -0.002831, 0.057223, -0.558241, -0.827703, -1.2e-05, 0.0, 0.0, 0.0, 1.0],
                [0.998768, 0.032513, 0.037489, 0.124994, 0.006513, -0.834815, 0.550493, -0.002831, 0.049194, -0.54957, -0.833998, -1.2e-05, 0.0, 0.0, 0.0, 1.0],
                [0.999004, 0.024845, 0.037062, 0.124994, 0.000357, -0.835052, 0.550171, -0.002831, 0.044617, -0.54961, -0.834229, -1.2e-05, 0.0, 0.0, 0.0, 1.0],
                [0.999047, 0.019768, 0.038924, 0.124994, -0.005272, -0.830454, 0.557062, -0.00283, 0.043337, -0.556736, -0.829558, -1.2e-05, 0.0, 0.0, 0.0, 1.0],
                [0.999396, 0.002439, 0.034651, 0.124994, -0.023656, -0.682662, 0.730352, -0.002831, 0.025436, -0.730731, -0.682192, -1.2e-05, 0.0, 0.0, 0.0, 1.0],
                [0.999521, 0.025374, 0.017717, 0.124994, -9.1e-05, -0.570084, 0.821587, -0.002831, 0.030946, -0.821195, -0.569809, -1.2e-05, 0.0, 0.0, 0.0, 1.0],
                [0.99762, 0.06828, -0.009614, 0.124994, 0.043096, -0.508568, 0.859943, -0.002831, 0.053827, -0.858311, -0.5103, -1.2e-05, 0.0, 0.0, 0.0, 1.0],
                [0.993722, 0.104391, -0.040232, 0.124994, 0.087766, -0.504414, 0.85899, -0.00283, 0.069377, -0.857129, -0.51041, -1.2e-05, 0.0, 0.0, 0.0, 1.0],
                [0.988604, 0.148529, -0.02452, 0.124995, 0.108176, -0.58764, 0.801859, -0.002831, 0.104691, -0.795373, -0.59701, -1.2e-05, 0.0, 0.0, 0.0, 1.0],
                [0.979455, 0.195342, 0.050094, 0.124993, 0.114652, -0.743752, 0.658551, -0.002831, 0.1659, -0.639277, -0.750868, -1.2e-05, 0.0, 0.0, 0.0, 1.0],
                [0.964345, 0.211225, 0.159444, 0.124995, 0.133225, -0.90803, 0.397157, -0.002831, 0.22867, -0.361754, -0.903795, -1.2e-05, 0.0, 0.0, 0.0, 1.0],
                [0.929357, 0.294599, 0.222501, 0.124994, 0.226092, -0.930616, 0.287814, -0.002831, 0.291852, -0.217176, -0.931481, -1.2e-05, 0.0, 0.0, 0.0, 1.0],
                [0.90024, 0.371154, 0.227626, 0.124993, 0.303088, -0.909546, 0.284368, -0.002831, 0.31258, -0.187009, -0.931301, -1.2e-05, 0.0, 0.0, 0.0, 1.0],
                [0.892387, 0.410331, 0.187811, 0.124993, 0.327587, -0.875278, 0.355776, -0.002832, 0.310373, -0.255965, -0.915506, -1.3e-05, 0.0, 0.0, 0.0, 1.0],
                [0.893507, 0.424855, 0.14541, 0.124994, 0.335093, -0.846396, 0.413916, -0.00283, 0.298929, -0.321111, -0.898627, -1.2e-05, 0.0, 0.0, 0.0, 1.0],
                [0.897544, 0.426216, 0.112932, 0.124994, 0.337148, -0.828468, 0.447182, -0.002831, 0.284156, -0.363291, -0.887285, -1.2e-05, 0.0, 0.0, 0.0, 1.0],
                [0.900531, 0.422524, 0.102559, 0.124994, 0.340482, -0.831994, 0.438016, -0.002832, 0.2704, -0.359527, -0.893098, -1.1e-05, 0.0, 0.0, 0.0, 1.0],
                [0.900553, 0.420132, 0.111771, 0.124994, 0.346156, -0.848486, 0.40031, -0.002832, 0.263019, -0.32181, -0.909538, -1.1e-05, 0.0, 0.0, 0.0, 1.0],
                [0.898695, 0.419294, 0.128606, 0.124994, 0.352388, -0.864918, 0.357407, -0.002831, 0.261092, -0.27588, -0.925052, -1.2e-05, 0.0, 0.0, 0.0, 1.0],
                [0.896971, 0.418342, 0.142946, 0.124994, 0.357712, -0.876789, 0.321378, -0.002831, 0.259779, -0.237133, -0.9361, -1.1e-05, 0.0, 0.0, 0.0, 1.0],
                [0.895494, 0.417845, 0.15328, 0.124994, 0.362004, -0.884158, 0.29533, -0.002831, 0.258926, -0.208978, -0.94302, -1.2e-05, 0.0, 0.0, 0.0, 1.0],
                [0.894297, 0.418639, 0.158034, 0.124994, 0.365279, -0.886976, 0.282566, -0.002831, 0.258465, -0.194971, -0.946141, -1.2e-05, 0.0, 0.0, 0.0, 1.0],
                [0.892828, 0.421759, 0.158039, 0.124994, 0.368955, -0.88613, 0.280438, -0.002831, 0.25832, -0.192074, -0.946773, -1.2e-05, 0.0, 0.0, 0.0, 1.0],
                [0.890645, 0.427345, 0.155329, 0.124994, 0.374124, -0.882884, 0.28381, -0.002831, 0.258422, -0.194662, -0.946216, -1.2e-05, 0.0, 0.0, 0.0, 1.0],
                [0.887926, 0.43475, 0.150263, 0.124994, 0.38033, -0.877623, 0.291765, -0.002831, 0.258719, -0.201916, -0.944613, -1.3e-05, 0.0, 0.0, 0.0, 1.0],
                [0.884873, 0.443272, 0.14321, 0.124993, 0.387085, -0.870716, 0.303347, -0.002829, 0.25916, -0.212989, -0.942057, -1.3e-05, 0.0, 0.0, 0.0, 1.0],
                [0.881704, 0.452208, 0.134556, 0.124994, 0.393895, -0.862525, 0.317644, -0.002831, 0.259698, -0.227067, -0.938614, -1.3e-05, 0.0, 0.0, 0.0, 1.0],
                [0.878633, 0.460918, 0.124736, 0.124994, 0.400303, -0.853422, 0.33381, -0.002831, 0.260311, -0.243365, -0.934351, -1.3e-05, 0.0, 0.0, 0.0, 1.0],
                [0.875879, 0.468818, 0.114218, 0.124994, 0.405871, -0.84381, 0.351076, -0.002832, 0.260969, -0.261142, -0.929355, -1.2e-05, 0.0, 0.0, 0.0, 1.0],
                [0.873684, 0.475359, 0.103486, 0.124993, 0.41017, -0.834145, 0.368731, -0.00283, 0.261602, -0.279708, -0.923758, -1.1e-05, 0.0, 0.0, 0.0, 1.0],
                [0.872152, 0.480276, 0.093188, 0.124994, 0.412945, -0.824818, 0.386201, -0.00283, 0.262347, -0.298345, -0.917695, -1.2e-05, 0.0, 0.0, 0.0, 1.0],
                [0.871492, 0.483188, 0.083849, 0.124993, 0.413846, -0.816341, 0.402889, -0.00283, 0.26312, -0.316414, -0.9114, -1.2e-05, 0.0, 0.0, 0.0, 1.0],
                [0.871989, 0.483606, 0.075893, 0.124994, 0.412455, -0.809323, 0.418183, -0.002831, 0.263657, -0.333349, -0.905187, -1.3e-05, 0.0, 0.0, 0.0, 1.0],
                [0.87361, 0.481599, 0.069777, 0.124994, 0.408768, -0.804051, 0.431752, -0.002831, 0.264035, -0.348661, -0.899289, -1.2e-05, 0.0, 0.0, 0.0, 1.0],
                [0.876027, 0.477795, 0.065486, 0.124994, 0.403343, -0.800323, 0.443619, -0.002831, 0.264369, -0.362209, -0.89382, -1.3e-05, 0.0, 0.0, 0.0, 1.0],
                [0.878968, 0.472724, 0.062815, 0.124993, 0.396713, -0.797935, 0.453783, -0.00283, 0.264637, -0.373942, -0.888895, -1.2e-05, 0.0, 0.0, 0.0, 1.0],
                [0.882174, 0.466886, 0.061524, 0.124994, 0.389399, -0.796677, 0.462248, -0.002831, 0.264832, -0.383826, -0.884614, -1.3e-05, 0.0, 0.0, 0.0, 1.0],
                [0.885404, 0.460755, 0.061356, 0.124993, 0.381911, -0.79635, 0.469011, -0.00283, 0.264959, -0.391832, -0.881058, -1.2e-05, 0.0, 0.0, 0.0, 1.0],
                [0.888437, 0.454787, 0.062036, 0.124994, 0.374752, -0.796754, 0.474073, -0.002831, 0.265029, -0.397936, -0.878298, -1.2e-05, 0.0, 0.0, 0.0, 1.0],
                [0.891073, 0.449426, 0.063288, 0.124994, 0.368421, -0.797698, 0.477434, -0.00283, 0.265056, -0.402112, -0.876385, -1.2e-05, 0.0, 0.0, 0.0, 1.0],
                [0.893163, 0.445116, 0.064269, 0.124994, 0.363704, -0.798957, 0.478944, -0.002831, 0.264534, -0.4044, -0.87549, -1.1e-05, 0.0, 0.0, 0.0, 1.0],
                [0.894565, 0.442303, 0.064189, 0.124994, 0.361356, -0.800291, 0.478495, -0.00283, 0.26301, -0.40485, -0.875741, -1.3e-05, 0.0, 0.0, 0.0, 1.0],
                [0.895084, 0.441443, 0.062876, 0.124994, 0.361834, -0.801484, 0.47613, -0.002831, 0.260578, -0.403425, -0.877125, -1.2e-05, 0.0, 0.0, 0.0, 1.0],
                [0.894501, 0.442997, 0.060179, 0.124994, 0.365591, -0.802303, 0.471862, -0.002831, 0.257315, -0.400081, -0.879616, -1.2e-05, 0.0, 0.0, 0.0, 1.0],
