{
    "animation": [
        {
            "name": "Root",
            "time": [0.0, 0.0167, 0.0333, 0.05, 0.0667, 0.0833, 0.1, 0.1167, 0.1333, 0.15, 0.1667, 0.1833, 0.2, 0.2167, 0.2333, 0.25, 0.2667, 0.2833, 0.3, 0.3167, 0.3333, 0.35, 0.3667, 0.3833, 0.4, 0.4167, 0.4333, 0.45, 0.4667, 0.4833, 0.5, 0.5167, 0.5333, 0.55, 0.5667, 0.5833, 0.6, 0.6167, 0.6333, 0.65, 0.6667, 0.6833, 0.7, 0.7167, 0.7333, 0.75, 0.7667, 0.7833, 0.8, 0.8167, 0.8333, 0.85, 0.8667, 0.8833, 0.9, 0.9167, 0.9333, 0.95, 0.9667, 0.9833, 1.0, 1.0167, 1.0333, 1.05, 1.0667, 1.0833, 1.1, 1.1167, 1.1333, 1.15, 1.1667, 1.1833, 1.2, 1.2167, 1.2333, 1.25, 1.2667, 1.2833, 1.3, 1.3167, 1.3333, 1.35, 1.3667, 1.3833, 1.4, 1.4167, 1.4333, 1.45, 1.4667, 1.4833, 1.5, 1.5167, 1.5333, 1.55, 1.5667, 1.5833, 1.6, 1.6167, 1.6333, 1.65, 1.6667, 1.6833, 1.7, 1.7167, 1.7333, 1.75, 1.7667, 1.7833, 1.8, 1.8167, 1.8333, 1.85, 1.8667, 1.8833, 1.9, 1.9167, 1.9333, 1.95, 1.9667, 1.9833, 2.0, 2.0167, 2.0333, 2.05, 2.0667, 2.0833],
            "transform": [
                [1.0, 0.0, 0.0, -5e-06, 0.0, -0.0, -1.0, 0.000946, 0.0, 1.0, -0.0, 0.763972, 0.0, 0.0, 0.0, 1.0],
                [1.0, 0.0, 0.0, -5e-06, 0.0, -0.0, -1.0, 0.000946, 0.0, 1.0, -0.0, 0.763972, 0.0, 0.0, 0.0, 1.0],
                [1.0, 0.0, 0.0, -5e-06, 0.0, -0.0, -1.0, 0.000946, 0.0, 1.0, -0.0, 0.763972, 0.0, 0.0, 0.0, 1.0],
                [1.0, 0.0, 0.0, -5e-06, 0.0, -0.0, -1.0, 0.000946, 0.0, 1.0, -0.0, 0.763972, 0.0, 0.0, 0.0, 1.0],
                [1.0, 0.0, 0.0, -5e-06, 0.0, -0.0, -1.0, 0.000946, 0.0, 1.0, -0.0, 0.763972, 0.0, 0.0, 0.0, 1.0],
                [1.0, 0.0, 0.0, -5e-06, 0.0, -0.0, -1.0, 0.000946, 0.0, 1.0, -0.0, 0.763972, 0.0, 0.0, 0.0, 1.0],
                [1.0, 0.0, 0.0, -5e-06, 0.0, -0.0, -1.0, 0.000946, 0.0, 1.0, -0.0, 0.763972, 0.0, 0.0, 0.0, 1.0],
                [1.0, 0.0, 0.0, -5e-06, 0.0, -0.0, -1.0, 0.000946, 0.0, 1.0, -0.0, 0.763972, 0.0, 0.0, 0.0, 1.0],
                [1.0, 0.0, 0.0, -5e-06, 0.0, -0.0, -1.0, 0.000946, 0.0, 1.0, -0.0, 0.763972, 0.0, 0.0, 0.0, 1.0],
                [1.0, 0.0, 0.0, -5e-06, 0.0, -0.0, -1.0, 0.000946, 0.0, 1.0, -0.0, 0.763972, 0.0, 0.0, 0.0, 1.0],
                [1.0, 0.0, 0.0, -5e-06, 0.0, -0.0, -1.0, 0.000946, 0.0, 1.0, -0.0, 0.763972, 0.0, 0.0, 0.0, 1.0],
                [0.999992, -0.004038, -0.000128, 0.000836, -0.000127, 0.000255, -1.0, 0.001097, 0.004038, 0.999992, 0.000255, 0.765757, 0.0, 0.0, 0.0, 1.0],
                [0.999875, -0.015816, -0.000511, 0.003294, -0.000495, 0.001003, -0.999999, 0.00154, 0.015817, 0.999874, 0.000995, 0.770959, 0.0, 0.0, 0.0, 1.0],
                [0.999391, -0.034865, -0.001155, 0.007267, -0.001079, 0.002222, -0.999997, 0.002262, 0.034868, 0.999389, 0.002183, 0.779348, 0.0, 0.0, 0.0, 1.0],
                [0.998151, -0.060739, -0.002077, 0.012659, -0.001844, 0.003896, -0.999991, 0.00325, 0.060747, 0.998146, 0.003777, 0.790696, 0.0, 0.0, 0.0, 1.0],
                [0.995662, -0.092989, -0.003299, 0.019369, -0.002752, 0.006015, -0.999978, 0.004491, 0.093007, 0.995649, 0.005733, 0.804772, 0.0, 0.0, 0.0, 1.0],
                [0.991353, -0.131131, -0.004847, 0.027297, -0.003756, 0.008567, -0.999956, 0.005973, 0.131167, 0.991328, 0.008001, 0.821348, 0.0, 0.0, 0.0, 1.0],
                [0.984613, -0.174619, -0.006748, 0.036346, -0.004806, 0.01154, -0.999922, 0.007681, 0.174683, 0.984569, 0.010523, 0.840193, 0.0, 0.0, 0.0, 1.0],
                [0.974818, -0.22282, -0.009027, 0.046416, -0.005849, 0.014917, -0.999872, 0.009604, 0.222926, 0.974745, 0.013238, 0.861078, 0.0, 0.0, 0.0, 1.0],
                [0.961372, -0.275002, -0.011704, 0.057406, -0.00683, 0.018676, -0.999802, 0.011728, 0.275166, 0.961262, 0.016076, 0.883774, 0.0, 0.0, 0.0, 1.0],
                [0.943753, -0.330319, -0.01479, 0.069219, -0.007692, 0.022784, -0.999711, 0.01404, 0.330561, 0.943594, 0.018961, 0.908051, 0.0, 0.0, 0.0, 1.0],
                [0.921551, -0.387826, -0.018284, 0.081756, -0.008385, 0.027201, -0.999595, 0.016527, 0.388166, 0.921331, 0.021815, 0.93368, 0.0, 0.0, 0.0, 1.0],
                [0.894514, -0.44649, -0.022174, 0.094915, -0.008864, 0.031878, -0.999452, 0.019176, 0.446952, 0.894221, 0.024557, 0.960431, 0.0, 0.0, 0.0, 1.0],
                [0.862581, -0.505229, -0.026431, 0.1086, -0.009092, 0.036755, -0.999283, 0.021974, 0.505838, 0.862202, 0.02711, 0.988074, 0.0, 0.0, 0.0, 1.0],
                [0.825906, -0.562954, -0.031012, 0.122709, -0.009046, 0.041766, -0.999086, 0.024909, 0.563735, 0.825432, 0.029402, 1.016381, 0.0, 0.0, 0.0, 1.0],
                [0.784869, -0.618623, -0.035861, 0.137145, -0.008718, 0.046842, -0.998864, 0.027966, 0.619601, 0.78429, 0.031372, 1.045121, 0.0, 0.0, 0.0, 1.0],
                [0.740061, -0.671294, -0.040909, 0.151808, -0.008114, 0.051911, -0.998619, 0.031133, 0.672491, 0.739371, 0.032971, 1.074066, 0.0, 0.0, 0.0, 1.0],
                [0.692261, -0.720174, -0.046081, 0.166598, -0.007257, 0.056905, -0.998353, 0.034397, 0.72161, 0.691456, 0.034167, 1.102986, 0.0, 0.0, 0.0, 1.0],
                [0.642396, -0.764654, -0.051297, 0.181417, -0.006184, 0.061761, -0.998072, 0.037746, 0.766348, 0.641475, 0.034946, 1.13165, 0.0, 0.0, 0.0, 1.0],
                [0.591487, -0.804334, -0.05648, 0.196165, -0.004947, 0.066426, -0.997779, 0.041165, 0.8063, 0.590452, 0.035311, 1.159831, 0.0, 0.0, 0.0, 1.0],
                [0.540598, -0.839026, -0.061556, 0.210743, -0.003605, 0.070857, -0.99748, 0.044642, 0.841273, 0.539458, 0.03528, 1.187298, 0.0, 0.0, 0.0, 1.0],
                [0.490791, -0.868739, -0.066457, 0.225052, -0.002228, 0.075024, -0.997179, 0.048163, 0.871274, 0.489555, 0.034886, 1.213821, 0.0, 0.0, 0.0, 1.0],
                [0.443079, -0.893656, -0.071129, 0.238992, -0.000886, 0.078906, -0.996882, 0.051717, 0.896482, 0.44176, 0.03417, 1.239172, 0.0, 0.0, 0.0, 1.0],
                [0.398401, -0.914096, -0.075526, 0.252465, 0.000348, 0.082493, -0.996592, 0.05529, 0.917211, 0.397017, 0.033183, 1.263121, 0.0, 0.0, 0.0, 1.0],
                [0.357607, -0.930472, -0.079614, 0.265371, 0.001398, 0.085785, -0.996313, 0.058868, 0.933871, 0.356177, 0.031978, 1.285438, 0.0, 0.0, 0.0, 1.0],
                [0.321453, -0.943248, -0.083369, 0.27761, 0.002195, 0.088784, -0.996048, 0.06244, 0.946923, 0.32, 0.030611, 1.305894, 0.0, 0.0, 0.0, 1.0],
                [0.290608, -0.952899, -0.086777, 0.289085, 0.002669, 0.091498, -0.995802, 0.065991, 0.956838, 0.289157, 0.029133, 1.324259, 0.0, 0.0, 0.0, 1.0],
                [0.265673, -0.959869, -0.089828, 0.299694, 0.002751, 0.093931, -0.995575, 0.069508, 0.964059, 0.26425, 0.027596, 1.340304, 0.0, 0.0, 0.0, 1.0],
                [0.247195, -0.964539, -0.09252, 0.30934, 0.002378, 0.096086, -0.99537, 0.07298, 0.968963, 0.245831, 0.026045, 1.3538, 0.0, 0.0, 0.0, 1.0],
                [0.235697, -0.967187, -0.094851, 0.317923, 0.001482, 0.097958, -0.995189, 0.076392, 0.971825, 0.234422, 0.024522, 1.364516, 0.0, 0.0, 0.0, 1.0],
                [0.23169, -0.967959, -0.096821, 0.325344, -0.0, 0.099529, -0.995035, 0.079732, 0.97279, 0.23054, 0.02306, 1.372224, 0.0, 0.0, 0.0, 1.0],
                [0.231659, -0.967798, -0.098499, 0.331513, -0.001829, 0.10082, -0.994903, 0.082951, 0.972795, 0.230658, 0.021586, 1.377208, 0.0, 0.0, 0.0, 1.0],
                [0.231736, -0.96763, -0.099959, 0.336381, -0.003718, 0.101874, -0.99479, 0.085855, 0.972772, 0.2309, 0.02001, 1.38023, 0.0, 0.0, 0.0, 1.0],
                [0.231914, -0.967457, -0.101212, 0.339907, -0.005662, 0.102704, -0.994696, 0.088213, 0.97272, 0.231257, 0.018341, 1.381782, 0.0, 0.0, 0.0, 1.0],
                [0.232188, -0.96728, -0.102268, 0.342052, -0.007652, 0.103322, -0.994619, 0.089797, 0.972641, 0.231721, 0.016589, 1.382354, 0.0, 0.0, 0.0, 1.0],
                [0.232552, -0.9671, -0.103138, 0.342776, -0.009682, 0.103738, -0.994558, 0.090376, 0.972535, 0.232285, 0.014761, 1.382436, 0.0, 0.0, 0.0, 1.0],
                [0.233, -0.966918, -0.103832, 0.342391, -0.011746, 0.103965, -0.994512, 0.090132, 0.972406, 0.232941, 0.012866, 1.380919, 0.0, 0.0, 0.0, 1.0],
                [0.233525, -0.966734, -0.10436, 0.341474, -0.013837, 0.104013, -0.99448, 0.089551, 0.972252, 0.233679, 0.010913, 1.377301, 0.0, 0.0, 0.0, 1.0],
                [0.234121, -0.96655, -0.104734, 0.34038, -0.015947, 0.103895, -0.99446, 0.088857, 0.972077, 0.234494, 0.00891, 1.372983, 0.0, 0.0, 0.0, 1.0],
                [0.234782, -0.966365, -0.104962, 0.339463, -0.01807, 0.103623, -0.994452, 0.088276, 0.97188, 0.235376, 0.006866, 1.369365, 0.0, 0.0, 0.0, 1.0],
                [0.235502, -0.966179, -0.105056, 0.339079, -0.020199, 0.103207, -0.994455, 0.088032, 0.971664, 0.236318, 0.00479, 1.367847, 0.0, 0.0, 0.0, 1.0],
                [0.236275, -0.965994, -0.105025, 0.33965, -0.022327, 0.10266, -0.994466, 0.088426, 0.97143, 0.237312, 0.002688, 1.368309, 0.0, 0.0, 0.0, 1.0],
                [0.237094, -0.965809, -0.10488, 0.3412, -0.024447, 0.101993, -0.994485, 0.089496, 0.971179, 0.23835, 0.000571, 1.369592, 0.0, 0.0, 0.0, 1.0],
                [0.237953, -0.965624, -0.104631, 0.343485, -0.026551, 0.101218, -0.99451, 0.091072, 0.970914, 0.239425, -0.001553, 1.371543, 0.0, 0.0, 0.0, 1.0],
                [0.238847, -0.965441, -0.104288, 0.34626, -0.028634, 0.100347, -0.99454, 0.092986, 0.970635, 0.240529, -0.003677, 1.37401, 0.0, 0.0, 0.0, 1.0],
                [0.239766, -0.965259, -0.103861, 0.34928, -0.030688, 0.099392, -0.994575, 0.09507, 0.970345, 0.241653, -0.005791, 1.376838, 0.0, 0.0, 0.0, 1.0],
                [0.240707, -0.965079, -0.103359, 0.3523, -0.032707, 0.098365, -0.994613, 0.097153, 0.970047, 0.242791, -0.007887, 1.379875, 0.0, 0.0, 0.0, 1.0],
                [0.241663, -0.9649, -0.102793, 0.355074, -0.034682, 0.097277, -0.994653, 0.099069, 0.96974, 0.243936, -0.009957, 1.382968, 0.0, 0.0, 0.0, 1.0],
                [0.242626, -0.964724, -0.102173, 0.357359, -0.036609, 0.096141, -0.994694, 0.100647, 0.969429, 0.245079, -0.011991, 1.385964, 0.0, 0.0, 0.0, 1.0],
                [0.24359, -0.964552, -0.101509, 0.35891, -0.038479, 0.094968, -0.994736, 0.101719, 0.969115, 0.246214, -0.013982, 1.388708, 0.0, 0.0, 0.0, 1.0],
                [0.244549, -0.964382, -0.10081, 0.359481, -0.040287, 0.093771, -0.994778, 0.102117, 0.9688, 0.247334, -0.01592, 1.39105, 0.0, 0.0, 0.0, 1.0],
                [0.245496, -0.964217, -0.100086, 0.359357, -0.042025, 0.092563, -0.99482, 0.102121, 0.968486, 0.248431, -0.017797, 1.392877, 0.0, 0.0, 0.0, 1.0],
                [0.246424, -0.964057, -0.099347, 0.358988, -0.043687, 0.091355, -0.99486, 0.102124, 0.968177, 0.249498, -0.019604, 1.394253, 0.0, 0.0, 0.0, 1.0],
                [0.247327, -0.963902, -0.098603, 0.358377, -0.045266, 0.090159, -0.994898, 0.102127, 0.967874, 0.250528, -0.021333, 1.395284, 0.0, 0.0, 0.0, 1.0],
                [0.248196, -0.963754, -0.097863, 0.35753, -0.046756, 0.088988, -0.994935, 0.102129, 0.967581, 0.251515, -0.022975, 1.396075, 0.0, 0.0, 0.0, 1.0],
                [0.249027, -0.963613, -0.097137, 0.356451, -0.04815, 0.087854, -0.994969, 0.102131, 0.967299, 0.252451, -0.02452, 1.396732, 0.0, 0.0, 0.0, 1.0],
                [0.249811, -0.963481, -0.096434, 0.355144, -0.049442, 0.08677, -0.995001, 0.102133, 0.967032, 0.25333, -0.02596, 1.39736, 0.0, 0.0, 0.0, 1.0],
                [0.250542, -0.963358, -0.095764, 0.353614, -0.050625, 0.085747, -0.99503, 0.102134, 0.966781, 0.254145, -0.027287, 1.398066, 0.0, 0.0, 0.0, 1.0],
                [0.251213, -0.963245, -0.095138, 0.351864, -0.051693, 0.084798, -0.995056, 0.102135, 0.96655, 0.254889, -0.02849, 1.398955, 0.0, 0.0, 0.0, 1.0],
                [0.251817, -0.963144, -0.094563, 0.3499, -0.052639, 0.083936, -0.99508, 0.102136, 0.966342, 0.255556, -0.029562, 1.400133, 0.0, 0.0, 0.0, 1.0],
                [0.252347, -0.963055, -0.094051, 0.347725, -0.053457, 0.083173, -0.9951, 0.102137, 0.966159, 0.256138, -0.030494, 1.401705, 0.0, 0.0, 0.0, 1.0],
                [0.252796, -0.96298, -0.09361, 0.345345, -0.054141, 0.082521, -0.995118, 0.102137, 0.966004, 0.25663, -0.031276, 1.403777, 0.0, 0.0, 0.0, 1.0],
                [0.253158, -0.96292, -0.09325, 0.342762, -0.054684, 0.081993, -0.995132, 0.102137, 0.965878, 0.257025, -0.0319, 1.406454, 0.0, 0.0, 0.0, 1.0],
                [0.253425, -0.962876, -0.092981, 0.339983, -0.05508, 0.0816, -0.995142, 0.102137, 0.965786, 0.257315, -0.032356, 1.409844, 0.0, 0.0, 0.0, 1.0],
                [0.25359, -0.962849, -0.092812, 0.337011, -0.055323, 0.081355, -0.995149, 0.102137, 0.965729, 0.257494, -0.032636, 1.41405, 0.0, 0.0, 0.0, 1.0],
                [0.253646, -0.96284, -0.092754, 0.33385, -0.055405, 0.081271, -0.995151, 0.102137, 0.965709, 0.257555, -0.032732, 1.419179, 0.0, 0.0, 0.0, 1.0],
                [0.248616, -0.964151, -0.092754, 0.33056, -0.05498, 0.081559, -0.995151, 0.099932, 0.967041, 0.25251, -0.032732, 1.425302, 0.0, 0.0, 0.0, 1.0],
                [0.236592, -0.967172, -0.092754, 0.32742, -0.05396, 0.082238, -0.995151, 0.094281, 0.970109, 0.24045, -0.032732, 1.432117, 0.0, 0.0, 0.0, 1.0],
                [0.222193, -0.970581, -0.092754, 0.324764, -0.052732, 0.08303, -0.995151, 0.086631, 0.973576, 0.226007, -0.032732, 1.439177, 0.0, 0.0, 0.0, 1.0],
                [0.210092, -0.973272, -0.092754, 0.322925, -0.051694, 0.08368, -0.995151, 0.078429, 0.976314, 0.213868, -0.032732, 1.44603, 0.0, 0.0, 0.0, 1.0],
                [0.205008, -0.974356, -0.092754, 0.322238, -0.051257, 0.083949, -0.995151, 0.071124, 0.977417, 0.208768, -0.032732, 1.452229, 0.0, 0.0, 0.0, 1.0],
                [0.205008, -0.974356, -0.092754, 0.324912, -0.051257, 0.083949, -0.995151, 0.065848, 0.977417, 0.208768, -0.032732, 1.457394, 0.0, 0.0, 0.0, 1.0],
                [0.205008, -0.974356, -0.092754, 0.331287, -0.051257, 0.083949, -0.995151, 0.062489, 0.977417, 0.208768, -0.032732, 1.46144, 0.0, 0.0, 0.0, 1.0],
                [0.205008, -0.974356, -0.092754, 0.338896, -0.051257, 0.083949, -0.995151, 0.060618, 0.977417, 0.208768, -0.032732, 1.464349, 0.0, 0.0, 0.0, 1.0],
                [0.205008, -0.974356, -0.092754, 0.345271, -0.051257, 0.083949, -0.995151, 0.059808, 0.977417, 0.208768, -0.032732, 1.466106, 0.0, 0.0, 0.0, 1.0],
                [0.205008, -0.974356, -0.092754, 0.347944, -0.051257, 0.083949, -0.995151, 0.059633, 0.977417, 0.208768, -0.032732, 1.466695, 0.0, 0.0, 0.0, 1.0],
                [0.205008, -0.974356, -0.092754, 0.347944, -0.051257, 0.083949, -0.995151, 0.059633, 0.977417, 0.208768, -0.032732, 1.466695, 0.0, 0.0, 0.0, 1.0],
                [0.20661, -0.967984, -0.142543, 0.274864, -0.063028, 0.132217, -0.989215, 0.044962, 0.976391, 0.213366, -0.033693, 1.449703, 0.0, 0.0, 0.0, 1.0],
                [0.206987, -0.947468, -0.243845, 0.133129, -0.074937, 0.233157, -0.969548, 0.046053, 0.97547, 0.218957, -0.02274, 1.443158, 0.0, 0.0, 0.0, 1.0],
                [0.205008, -0.92288, -0.325983, -0.041682, -0.051257, 0.322477, -0.945189, 0.053686, 0.977417, 0.21048, 0.018807, 1.431327, 0.0, 0.0, 0.0, 1.0],
                [0.1907, -0.911114, -0.365384, -0.216175, 0.009648, 0.373936, -0.927404, 0.179923, 0.981601, 0.173331, 0.080099, 1.386914, 0.0, 0.0, 0.0, 1.0],
                [0.156516, -0.908611, -0.387206, -0.314215, 0.085949, 0.40308, -0.91112, 0.178006, 0.983928, 0.109325, 0.141183, 1.402865, 0.0, 0.0, 0.0, 1.0],
                [0.109231, -0.910912, -0.39788, -0.401551, 0.176934, 0.4117, -0.893978, 0.174447, 0.978143, 0.027251, 0.206142, 1.432489, 0.0, 0.0, 0.0, 1.0],
                [0.056512, -0.913507, -0.402878, -0.584617, 0.280239, 0.401815, -0.871786, 0.17253, 0.958265, -0.063636, 0.278708, 1.44844, 0.0, 0.0, 0.0, 1.0],
                [0.00734, -0.913479, -0.40682, -0.935353, 0.392396, 0.376832, -0.839061, 0.260877, 0.919767, -0.153476, 0.361211, 1.420787, 0.0, 0.0, 0.0, 1.0],
                [-0.028233, -0.910316, -0.412949, -1.387719, 0.509313, 0.342368, -0.789547, 0.462979, 0.860118, -0.232611, 0.45397, 1.345256, 0.0, 0.0, 0.0, 1.0],
                [-0.039806, -0.905669, -0.422113, -1.841182, 0.626368, 0.306524, -0.716733, 0.684427, 0.778511, -0.292928, 0.55508, 1.232994, 0.0, 0.0, 0.0, 1.0],
                [-0.005228, -0.903557, -0.428437, -2.215263, 0.737908, 0.285666, -0.611463, 0.849489, 0.674882, -0.319344, 0.665248, 1.095383, 0.0, 0.0, 0.0, 1.0],
                [0.067791, -0.904704, -0.420612, -2.509696, 0.82869, 0.285825, -0.481225, 0.957129, 0.555588, -0.315934, 0.769095, 0.944763, 0.0, 0.0, 0.0, 1.0],
                [0.144328, -0.905607, -0.398805, -2.744272, 0.886037, 0.297714, -0.355393, 1.024988, 0.440577, -0.302063, 0.84537, 0.793713, 0.0, 0.0, 0.0, 1.0],
                [0.191826, -0.905669, -0.37811, -2.938781, 0.912372, 0.306524, -0.271331, 1.070706, 0.361636, -0.292929, 0.885106, 0.65481, 0.0, 0.0, 0.0, 1.0],
                [0.212398, -0.905931, -0.3663, -3.110003, 0.924471, 0.307742, -0.225054, 1.109064, 0.316609, -0.290832, 0.902871, 0.538143, 0.0, 0.0, 0.0, 1.0],
                [0.228141, -0.906049, -0.356408, -3.262677, 0.932595, 0.30851, -0.187317, 1.143397, 0.279674, -0.28965, 0.915361, 0.44383, 0.0, 0.0, 0.0, 1.0],
                [0.239843, -0.906075, -0.348574, -3.398533, 0.937985, 0.30886, -0.157446, 1.174181, 0.250319, -0.289195, 0.923962, 0.369499, 0.0, 0.0, 0.0, 1.0],
                [0.248207, -0.906045, -0.342748, -3.5193, 0.941535, 0.308853, -0.134616, 1.20189, 0.227827, -0.289296, 0.929733, 0.312777, 0.0, 0.0, 0.0, 1.0],
                [0.253865, -0.905982, -0.338745, -3.626709, 0.943863, 0.308572, -0.117927, 1.226999, 0.211367, -0.289791, 0.933459, 0.271291, 0.0, 0.0, 0.0, 1.0],
                [0.257383, -0.905904, -0.336292, -3.722488, 0.945377, 0.308111, -0.106438, 1.249985, 0.200038, -0.290528, 0.935723, 0.242669, 0.0, 0.0, 0.0, 1.0],
                [0.259282, -0.905821, -0.335054, -3.808367, 0.946341, 0.307571, -0.099193, 1.271322, 0.192904, -0.291356, 0.936963, 0.224537, 0.0, 0.0, 0.0, 1.0],
                [0.260054, -0.905745, -0.334659, -3.886077, 0.946915, 0.307058, -0.095224, 1.291486, 0.189008, -0.29213, 0.937515, 0.214524, 0.0, 0.0, 0.0, 1.0],
                [0.260173, -0.90569, -0.334717, -3.957347, 0.947205, 0.306675, -0.093558, 1.310951, 0.187383, -0.292704, 0.937663, 0.210256, 0.0, 0.0, 0.0, 1.0],
                [0.260108, -0.905669, -0.334826, -4.023905, 0.947287, 0.306524, -0.09322, 1.330192, 0.187058, -0.292929, 0.937658, 0.20936, 0.0, 0.0, 0.0, 1.0],
                [0.260108, -0.905669, -0.334826, -4.087164, 0.947287, 0.306524, -0.09322, 1.349572, 0.187059, -0.292929, 0.937658, 0.20936, 0.0, 0.0, 0.0, 1.0],
                [0.260108, -0.905669, -0.334826, -4.147263, 0.947287, 0.306524, -0.09322, 1.369, 0.187059, -0.292929, 0.937658, 0.20936, 0.0, 0.0, 0.0, 1.0],
                [0.260108, -0.905669, -0.334826, -4.204024, 0.947287, 0.306524, -0.09322, 1.388269, 0.187059, -0.292929, 0.937658, 0.20936, 0.0, 0.0, 0.0, 1.0],
                [0.260108, -0.905669, -0.334826, -4.25727, 0.947287, 0.306524, -0.09322, 1.407174, 0.187059, -0.292929, 0.937658, 0.20936, 0.0, 0.0, 0.0, 1.0],
                [0.260108, -0.905669, -0.334826, -4.30682, 0.947287, 0.306524, -0.09322, 1.425512, 0.187059, -0.292929, 0.937658, 0.20936, 0.0, 0.0, 0.0, 1.0],
                [0.260108, -0.905669, -0.334826, -4.352499, 0.947287, 0.306524, -0.09322, 1.443076, 0.187059, -0.292929, 0.937658, 0.20936, 0.0, 0.0, 0.0, 1.0],
                [0.260108, -0.905669, -0.334826, -4.394125, 0.947287, 0.306524, -0.09322, 1.459662, 0.187059, -0.292929, 0.937658, 0.20936, 0.0, 0.0, 0.0, 1.0],
                [0.260108, -0.905669, -0.334826, -4.431522, 0.947287, 0.306524, -0.09322, 1.475065, 0.187059, -0.292929, 0.937658, 0.20936, 0.0, 0.0, 0.0, 1.0],
                [0.260108, -0.905669, -0.334826, -4.464512, 0.947287, 0.306524, -0.09322, 1.489079, 0.187059, -0.292929, 0.937658, 0.20936, 0.0, 0.0, 0.0, 1.0],
                [0.260108, -0.905669, -0.334826, -4.492916, 0.947287, 0.306524, -0.09322, 1.501499, 0.187059, -0.292929, 0.937658, 0.20936, 0.0, 0.0, 0.0, 1.0],
                [0.260108, -0.905669, -0.334826, -4.516554, 0.947287, 0.306524, -0.09322, 1.512122, 0.187059, -0.292929, 0.937658, 0.20936, 0.0, 0.0, 0.0, 1.0],
                [0.260108, -0.905669, -0.334826, -4.535251, 0.947287, 0.306524, -0.09322, 1.52074, 0.187059, -0.292929, 0.937658, 0.20936, 0.0, 0.0, 0.0, 1.0],
                [0.260108, -0.905669, -0.334826, -4.548826, 0.947287, 0.306524, -0.09322, 1.52715, 0.187059, -0.292929, 0.937658, 0.20936, 0.0, 0.0, 0.0, 1.0],
                [0.260108, -0.905669, -0.334826, -4.557102, 0.947287, 0.306524, -0.09322, 1.531147, 0.187059, -0.292929, 0.937658, 0.20936, 0.0, 0.0, 0.0, 1.0],
                [0.260108, -0.905669, -0.334826, -4.5599, 0.947287, 0.306524, -0.09322, 1.532524, 0.187059, -0.292929, 0.937658, 0.20936, 0.0, 0.0, 0.0, 1.0]
            ]
        },
        {
            "name": "IK-Thigh_R",
            "time": [0.0, 2.0833],
            "transform": [
                [1.0, -0.0, -0.0, 0.124994, -0.0, -0.999984, 0.00567, -0.002831, -0.0, -0.00567, -0.999984, -1.2e-05, 0.0, 0.0, 0.0, 1.0],
                [1.0, -0.0, -0.0, 0.124994, -0.0, -0.999984, 0.00567, -0.002831, -0.0, -0.00567, -0.999984, -1.2e-05, 0.0, 0.0, 0.0, 1.0]
            ]
        },
        {
            "name": "IK-Leg_R",
            "time": [0.0, 2.0833],
            "transform": [
                [1.0, 0.0, 1e-06, -0.0, -0.0, 0.999936, 0.011335, 0.374726, -1e-06, -0.011335, 0.999936, 0.0, 0.0, 0.0, 0.0, 1.0],
                [1.0, 0.0, 1e-06, -0.0, -0.0, 0.999936, 0.011335, 0.374725, -1e-06, -0.011335, 0.999936, 0.0, 0.0, 0.0, 0.0, 1.0]
            ]
        },
        {
            "name": "IK-Thigh_L",
            "time": [0.0, 2.0833],
            "transform": [
                [1.0, -0.0, -0.0, -0.125006, -0.0, -0.999984, 0.00567, -0.002831, -0.0, -0.00567, -0.999984, -1.2e-05, 0.0, 0.0, 0.0, 1.0],
                [1.0, -0.0, -0.0, -0.125006, -0.0, -0.999984, 0.00567, -0.002831, -0.0, -0.00567, -0.999984, -1.2e-05, 0.0, 0.0, 0.0, 1.0]
            ]
        },
        {
            "name": "Thigh_R",
            "time": [0.0, 0.0167, 0.0333, 0.05, 0.0667, 0.0833, 0.1, 0.1167, 0.1333, 0.15, 0.1667, 0.1833, 0.2, 0.2167, 0.2333, 0.25, 0.2667, 0.2833, 0.3, 0.3167, 0.3333, 0.35, 0.3667, 0.3833, 0.4, 0.4167, 0.4333, 0.45, 0.4667, 0.4833, 0.5, 0.5167, 0.5333, 0.55, 0.5667, 0.5833, 0.6, 0.6167, 0.6333, 0.65, 0.6667, 0.6833, 0.7, 0.7167, 0.7333, 0.75, 0.7667, 0.7833, 0.8, 0.8167, 0.8333, 0.85, 0.8667, 0.8833, 0.9, 0.9167, 0.9333, 0.95, 0.9667, 0.9833, 1.0, 1.0167, 1.0333, 1.05, 1.0667, 1.0833, 1.1, 1.1167, 1.1333, 1.15, 1.1667, 1.1833, 1.2, 1.2167, 1.2333, 1.25, 1.2667, 1.2833, 1.3, 1.3167, 1.3333, 1.35, 1.3667, 1.3833, 1.4, 1.4167, 1.4333, 1.45, 1.4667, 1.4833, 1.5, 1.5167, 1.5333, 1.55, 1.5667, 1.5833, 1.6, 1.6167, 1.6333, 1.65, 1.6667, 1.6833, 1.7, 1.7167, 1.7333, 1.75, 1.7667, 1.7833, 1.8, 1.8167, 1.8333, 1.85, 1.8667, 1.8833, 1.9, 1.9167, 1.9333, 1.95, 1.9667, 1.9833, 2.0, 2.0167, 2.0333, 2.05, 2.0667, 2.0833],
            "transform": [
                [0.958626, 0.123484, 0.256492, 0.124989, -0.262034, 0.030667, 0.964571, 0.000958, 0.111243, -0.991873, 0.061755, 0.761141, 0.0, 0.0, 0.0, 1.0],
                [0.958468, 0.125593, 0.256057, 0.124989, -0.262489, 0.037374, 0.964211, 0.000958, 0.111528, -0.991378, 0.068789, 0.761141, 0.0, 0.0, 0.0, 1.0],
                [0.958037, 0.131398, 0.254754, 0.124989, -0.263771, 0.056227, 0.962945, 0.000958, 0.112205, -0.989734, 0.088527, 0.761141, 0.0, 0.0, 0.0, 1.0],
                [0.957396, 0.140095, 0.252521, 0.124989, -0.265758, 0.085305, 0.960258, 0.000958, 0.112986, -0.986457, 0.118902, 0.761141, 0.0, 0.0, 0.0, 1.0],
                [0.956612, 0.150861, 0.249269, 0.124989, -0.268317, 0.122635, 0.955493, 0.000958, 0.113577, -0.980919, 0.157793, 0.761141, 0.0, 0.0, 0.0, 1.0],
                [0.955761, 0.162853, 0.244949, 0.124989, -0.271288, 0.166184, 0.948043, 0.000958, 0.113685, -0.972555, 0.203012, 0.761141, 0.0, 0.0, 0.0, 1.0],
                [0.954926, 0.17523, 0.239604, 0.124989, -0.274478, 0.213862, 0.93751, 0.000958, 0.113038, -0.961019, 0.252319, 0.761141, 0.0, 0.0, 0.0, 1.0],
                [0.954198, 0.18717, 0.233394, 0.124989, -0.277664, 0.263579, 0.923812, 0.000958, 0.111392, -0.946306, 0.303477, 0.761141, 0.0, 0.0, 0.0, 1.0],
                [0.953669, 0.197894, 0.226612, 0.124989, -0.280596, 0.313307, 0.907251, 0.000958, 0.10854, -0.928805, 0.354319, 0.761141, 0.0, 0.0, 0.0, 1.0],
                [0.953427, 0.206691, 0.219672, 0.124989, -0.283012, 0.361159, 0.88852, 0.000958, 0.104313, -0.909309, 0.402835, 0.761141, 0.0, 0.0, 0.0, 1.0],
                [0.95355, 0.212927, 0.213082, 0.124989, -0.28465, 0.405449, 0.868669, 0.000958, 0.098569, -0.888974, 0.447225, 0.761141, 0.0, 0.0, 0.0, 1.0],
                [0.954697, 0.215944, 0.204749, 0.125841, -0.282945, 0.445606, 0.849339, 0.001092, 0.092172, -0.868795, 0.486519, 0.763431, 0.0, 0.0, 0.0, 1.0],
                [0.957371, 0.215569, 0.192278, 0.128317, -0.275603, 0.482317, 0.831513, 0.001487, 0.086509, -0.849059, 0.521168, 0.770105, 0.0, 0.0, 0.0, 1.0],
                [0.961326, 0.212005, 0.1758, 0.132284, -0.262862, 0.515791, 0.815392, 0.002132, 0.082191, -0.830069, 0.551571, 0.780878, 0.0, 0.0, 0.0, 1.0],
                [0.966221, 0.205543, 0.155464, 0.137594, -0.245059, 0.546063, 0.8011, 0.00302, 0.079767, -0.812138, 0.577987, 0.795464, 0.0, 0.0, 0.0, 1.0],
                [0.971636, 0.196579, 0.13145, 0.144083, -0.222638, 0.573041, 0.788706, 0.004142, 0.079717, -0.795602, 0.600553, 0.813579, 0.0, 0.0, 0.0, 1.0],
                [0.977101, 0.185642, 0.103976, 0.151582, -0.196155, 0.596554, 0.778233, 0.005491, 0.082446, -0.780808, 0.619308, 0.834937, 0.0, 0.0, 0.0, 1.0],
                [0.982118, 0.173406, 0.073308, 0.159911, -0.166285, 0.616409, 0.769668, 0.00706, 0.088277, -0.768096, 0.634221, 0.85924, 0.0, 0.0, 0.0, 1.0],
                [0.986203, 0.160689, 0.039776, 0.168893, -0.13382, 0.632439, 0.762964, 0.008843, 0.097444, -0.757761, 0.645216, 0.886183, 0.0, 0.0, 0.0, 1.0],
                [0.988914, 0.148443, 0.003781, 0.178351, -0.099651, 0.644557, 0.758034, 0.010833, 0.110088, -0.750008, 0.652204, 0.915447, 0.0, 0.0, 0.0, 1.0],
                [0.989881, 0.137718, -0.034199, 0.188118, -0.064746, 0.652804, 0.754755, 0.013026, 0.126268, -0.744904, 0.655114, 0.946698, 0.0, 0.0, 0.0, 1.0],
                [0.988829, 0.129608, -0.073613, 0.198042, -0.030108, 0.657371, 0.752966, 0.015414, 0.145982, -0.742338, 0.653929, 0.97959, 0.0, 0.0, 0.0, 1.0],
                [0.985579, 0.125191, -0.113849, 0.207988, 0.003261, 0.658622, 0.752467, 0.01799, 0.169186, -0.741987, 0.648715, 1.013765, 0.0, 0.0, 0.0, 1.0],
                [0.980034, 0.125456, -0.154256, 0.217848, 0.034411, 0.657088, 0.753028, 0.020746, 0.195831, -0.743302, 0.639651, 1.04886, 0.0, 0.0, 0.0, 1.0],
                [0.972148, 0.131237, -0.194176, 0.227537, 0.062468, 0.653446, 0.754391, 0.023672, 0.225887, -0.745511, 0.627048, 1.084508, 0.0, 0.0, 0.0, 1.0],
                [0.961884, 0.143167, -0.232987, 0.237001, 0.086665, 0.648484, 0.756279, 0.026756, 0.259362, -0.747645, 0.611359, 1.120347, 0.0, 0.0, 0.0, 1.0],
                [0.94914, 0.161037, -0.270555, 0.246212, 0.107088, 0.642962, 0.758375, 0.029984, 0.296083, -0.748778, 0.593015, 1.15603, 0.0, 0.0, 0.0, 1.0],
                [0.933928, 0.183596, -0.306711, 0.255166, 0.124484, 0.637272, 0.760519, 0.033341, 0.335087, -0.74845, 0.572311, 1.191225, 0.0, 0.0, 0.0, 1.0],
                [0.916411, 0.209714, -0.340896, 0.263878, 0.139151, 0.631658, 0.762657, 0.03681, 0.375269, -0.746344, 0.549677, 1.225623, 0.0, 0.0, 0.0, 1.0],
                [0.896862, 0.238265, -0.37265, 0.272375, 0.151369, 0.626302, 0.764744, 0.04037, 0.415603, -0.742278, 0.52564, 1.258941, 0.0, 0.0, 0.0, 1.0],
                [0.87566, 0.268166, -0.40163, 0.28069, 0.161395, 0.621333, 0.766745, 0.044002, 0.45516, -0.736229, 0.500795, 1.290924, 0.0, 0.0, 0.0, 1.0],
                [0.853291, 0.298408, -0.427606, 0.288858, 0.169463, 0.616839, 0.76863, 0.047684, 0.493129, -0.728329, 0.475774, 1.321339, 0.0, 0.0, 0.0, 1.0],
                [0.830331, 0.328076, -0.450463, 0.296905, 0.175784, 0.612874, 0.77038, 0.051395, 0.52882, -0.718855, 0.451218, 1.349976, 0.0, 0.0, 0.0, 1.0],
                [0.807425, 0.356367, -0.470177, 0.304851, 0.180544, 0.609464, 0.771983, 0.055112, 0.561665, -0.708207, 0.427756, 1.376642, 0.0, 0.0, 0.0, 1.0],
                [0.785271, 0.382593, -0.486798, 0.312704, 0.183913, 0.606609, 0.773435, 0.058812, 0.591207, -0.696885, 0.405988, 1.401158, 0.0, 0.0, 0.0, 1.0],
                [0.764593, 0.406168, -0.500425, 0.320461, 0.186046, 0.604297, 0.774733, 0.062474, 0.617077, -0.685458, 0.386475, 1.423347, 0.0, 0.0, 0.0, 1.0],
                [0.74613, 0.426599, -0.511179, 0.328107, 0.187085, 0.6025, 0.775882, 0.066077, 0.638976, -0.674543, 0.369733, 1.443039, 0.0, 0.0, 0.0, 1.0],
                [0.730618, 0.443453, -0.519179, 0.33562, 0.187166, 0.601182, 0.776885, 0.069598, 0.656633, -0.664779, 0.356235, 1.460057, 0.0, 0.0, 0.0, 1.0],
                [0.718779, 0.456336, -0.524513, 0.34297, 0.18642, 0.600305, 0.777742, 0.073017, 0.669779, -0.656805, 0.346416, 1.474218, 0.0, 0.0, 0.0, 1.0],
                [0.711309, 0.464851, -0.527213, 0.350123, 0.184978, 0.599832, 0.77845, 0.076312, 0.678102, -0.651242, 0.340678, 1.485325, 0.0, 0.0, 0.0, 1.0],
                [0.708862, 0.468557, -0.527228, 0.357045, 0.182974, 0.599732, 0.779001, 0.079462, 0.681202, -0.648673, 0.339393, 1.493164, 0.0, 0.0, 0.0, 1.0],
                [0.710198, 0.472876, -0.521543, 0.363209, 0.176831, 0.597254, 0.782316, 0.082449, 0.681432, -0.647825, 0.340549, 1.498148, 0.0, 0.0, 0.0, 1.0],
                [0.71313, 0.482313, -0.508743, 0.368086, 0.164276, 0.590527, 0.790121, 0.085113, 0.681512, -0.647034, 0.34189, 1.501167, 0.0, 0.0, 0.0, 1.0],
                [0.71682, 0.494975, -0.491089, 0.371635, 0.147396, 0.580828, 0.80057, 0.087226, 0.6815, -0.64625, 0.343392, 1.502712, 0.0, 0.0, 0.0, 1.0],
                [0.72051, 0.509019, -0.470918, 0.373814, 0.128314, 0.569509, 0.811908, 0.08856, 0.681469, -0.645414, 0.345023, 1.503272, 0.0, 0.0, 0.0, 1.0],
                [0.723622, 0.522724, -0.4507, 0.374582, 0.109202, 0.558068, 0.822578, 0.088884, 0.681503, -0.644453, 0.346748, 1.503339, 0.0, 0.0, 0.0, 1.0],
                [0.7259, 0.534818, -0.43248, 0.374253, 0.091821, 0.547806, 0.831551, 0.088381, 0.681644, -0.643334, 0.348545, 1.501804, 0.0, 0.0, 0.0, 1.0],
                [0.727646, 0.545319, -0.416123, 0.373401, 0.076144, 0.538674, 0.839067, 0.087538, 0.681713, -0.642229, 0.350441, 1.498165, 0.0, 0.0, 0.0, 1.0],
                [0.729241, 0.554518, -0.400896, 0.372381, 0.061672, 0.530236, 0.845604, 0.086581, 0.681472, -0.641374, 0.352471, 1.493822, 0.0, 0.0, 0.0, 1.0],
                [0.731014, 0.562669, -0.386033, 0.371546, 0.047894, 0.522026, 0.851584, 0.085736, 0.680679, -0.641009, 0.35466, 1.490177, 0.0, 0.0, 0.0, 1.0],
                [0.733254, 0.569993, -0.370738, 0.371251, 0.034283, 0.513554, 0.857372, 0.085227, 0.67909, -0.641382, 0.357024, 1.48863, 0.0, 0.0, 0.0, 1.0],
                [0.736665, 0.576083, -0.354195, 0.371918, 0.020598, 0.504401, 0.863224, 0.085356, 0.675945, -0.643202, 0.359708, 1.48906, 0.0, 0.0, 0.0, 1.0],
                [0.741472, 0.580511, -0.336491, 0.373571, 0.00702, 0.494751, 0.869007, 0.086163, 0.670947, -0.646707, 0.362768, 1.490309, 0.0, 0.0, 0.0, 1.0],
                [0.747222, 0.583459, -0.318175, 0.375963, -0.006333, 0.484995, 0.874494, 0.087478, 0.664544, -0.651426, 0.366094, 1.492224, 0.0, 0.0, 0.0, 1.0],
                [0.753475, 0.585138, -0.299814, 0.378849, -0.019327, 0.475522, 0.879491, 0.089135, 0.657192, -0.656881, 0.369603, 1.494653, 0.0, 0.0, 0.0, 1.0],
                [0.759821, 0.585794, -0.281988, 0.381983, -0.031805, 0.466713, 0.883837, 0.090964, 0.649354, -0.662589, 0.37325, 1.497442, 0.0, 0.0, 0.0, 1.0],
                [0.765876, 0.585709, -0.265292, 0.38512, -0.043593, 0.458942, 0.887397, 0.092799, 0.641509, -0.668071, 0.377025, 1.500438, 0.0, 0.0, 0.0, 1.0],
                [0.771286, 0.585197, -0.250325, 0.388013, -0.054502, 0.452569, 0.890062, 0.09447, 0.634151, -0.67285, 0.380954, 1.503489, 0.0, 0.0, 0.0, 1.0],
                [0.775725, 0.584597, -0.237691, 0.390418, -0.064337, 0.447946, 0.891743, 0.095811, 0.627783, -0.676455, 0.385093, 1.506443, 0.0, 0.0, 0.0, 1.0],
                [0.778884, 0.58426, -0.227993, 0.392089, -0.072903, 0.445407, 0.892355, 0.096653, 0.622917, -0.67842, 0.389514, 1.509145, 0.0, 0.0, 0.0, 1.0],
                [0.78046, 0.58453, -0.221828, 0.39278, -0.080016, 0.445277, 0.891811, 0.096828, 0.620064, -0.678273, 0.394292, 1.511444, 0.0, 0.0, 0.0, 1.0],
                [0.780287, 0.586117, -0.218218, 0.392773, -0.086221, 0.446393, 0.890673, 0.096618, 0.61945, -0.676166, 0.39885, 1.513229, 0.0, 0.0, 0.0, 1.0],
                [0.778558, 0.589336, -0.21571, 0.392519, -0.092172, 0.447374, 0.889585, 0.096417, 0.620767, -0.672711, 0.402627, 1.514563, 0.0, 0.0, 0.0, 1.0],
                [0.775496, 0.593913, -0.214179, 0.392021, -0.097855, 0.448209, 0.888557, 0.096226, 0.623723, -0.668114, 0.405701, 1.515554, 0.0, 0.0, 0.0, 1.0],
                [0.771315, 0.599577, -0.213499, 0.391283, -0.103255, 0.44889, 0.887601, 0.096045, 0.628022, -0.662575, 0.408145, 1.516305, 0.0, 0.0, 0.0, 1.0],
                [0.766225, 0.606053, -0.213539, 0.390307, -0.10835, 0.449419, 0.886726, 0.095876, 0.633371, -0.656295, 0.410022, 1.516924, 0.0, 0.0, 0.0, 1.0],
                [0.760443, 0.613072, -0.214172, 0.389097, -0.113115, 0.449801, 0.885937, 0.095719, 0.639477, -0.649479, 0.411395, 1.517516, 0.0, 0.0, 0.0, 1.0],
                [0.754191, 0.620368, -0.215266, 0.387658, -0.117521, 0.450048, 0.885238, 0.095576, 0.646053, -0.642341, 0.412328, 1.518189, 0.0, 0.0, 0.0, 1.0],
                [0.7477, 0.627685, -0.216695, 0.385992, -0.121537, 0.450175, 0.884631, 0.095446, 0.65282, -0.635102, 0.412883, 1.519047, 0.0, 0.0, 0.0, 1.0],
                [0.741212, 0.634774, -0.21833, 0.384103, -0.125131, 0.450203, 0.884115, 0.095331, 0.659505, -0.627997, 0.413126, 1.520196, 0.0, 0.0, 0.0, 1.0],
                [0.73498, 0.641393, -0.220046, 0.381994, -0.128268, 0.450156, 0.88369, 0.095231, 0.665847, -0.62127, 0.413125, 1.521744, 0.0, 0.0, 0.0, 1.0],
                [0.729267, 0.64731, -0.221719, 0.37967, -0.130913, 0.450058, 0.883352, 0.095148, 0.671588, -0.615174, 0.412953, 1.523795, 0.0, 0.0, 0.0, 1.0],
                [0.724345, 0.652298, -0.22323, 0.377133, -0.13303, 0.449937, 0.883097, 0.095082, 0.676481, -0.609971, 0.412685, 1.526456, 0.0, 0.0, 0.0, 1.0],
                [0.720489, 0.656137, -0.224456, 0.374386, -0.134585, 0.44982, 0.882921, 0.095033, 0.680281, -0.605926, 0.412396, 1.529833, 0.0, 0.0, 0.0, 1.0],
                [0.717976, 0.658605, -0.22528, 0.371435, -0.135542, 0.449734, 0.882818, 0.095004, 0.682744, -0.603308, 0.412166, 1.534032, 0.0, 0.0, 0.0, 1.0],
                [0.717079, 0.659478, -0.225581, 0.368281, -0.135868, 0.449701, 0.882785, 0.094994, 0.683621, -0.602377, 0.412073, 1.539158, 0.0, 0.0, 0.0, 1.0],
                [0.715621, 0.660502, -0.22721, 0.364366, -0.13491, 0.449865, 0.882848, 0.092841, 0.685336, -0.601132, 0.411041, 1.545461, 0.0, 0.0, 0.0, 1.0],
                [0.712822, 0.662206, -0.231016, 0.359732, -0.132267, 0.450409, 0.882971, 0.087315, 0.68876, -0.598846, 0.408649, 1.552695, 0.0, 0.0, 0.0, 1.0],
                [0.711064, 0.662558, -0.235385, 0.355285, -0.128282, 0.451395, 0.883055, 0.079816, 0.691327, -0.597713, 0.405965, 1.560228, 0.0, 0.0, 0.0, 1.0],
                [0.712753, 0.659537, -0.238735, 0.351942, -0.123307, 0.452881, 0.883003, 0.071743, 0.690492, -0.599925, 0.404118, 1.567459, 0.0, 0.0, 0.0, 1.0],
                [0.720247, 0.651059, -0.239511, 0.350622, -0.117695, 0.454935, 0.882713, 0.064491, 0.68366, -0.607583, 0.404292, 1.573809, 0.0, 0.0, 0.0, 1.0],
                [0.731112, 0.639137, -0.238703, 0.353296, -0.11152, 0.457119, 0.882387, 0.059216, 0.673082, -0.618504, 0.405481, 1.578975, 0.0, 0.0, 0.0, 1.0],
                [0.740839, 0.627908, -0.238514, 0.359671, -0.104748, 0.458759, 0.882365, 0.055856, 0.663464, -0.628707, 0.405639, 1.58302, 0.0, 0.0, 0.0, 1.0],
                [0.748596, 0.61837, -0.239214, 0.36728, -0.097574, 0.459609, 0.882745, 0.053985, 0.655808, -0.637479, 0.404398, 1.585929, 0.0, 0.0, 0.0, 1.0],
                [0.753585, 0.611552, -0.241068, 0.373655, -0.090187, 0.459447, 0.883615, 0.053175, 0.651135, -0.644138, 0.401386, 1.587686, 0.0, 0.0, 0.0, 1.0],
                [0.755012, 0.608493, -0.244324, 0.376328, -0.082771, 0.458072, 0.885053, 0.053001, 0.650466, -0.648003, 0.396215, 1.588275, 0.0, 0.0, 0.0, 1.0],
                [0.750775, 0.658462, -0.052581, 0.410178, -0.15821, 0.256532, 0.953499, 0.088893, 0.641332, -0.707545, 0.296773, 1.544988, 0.0, 0.0, 0.0, 1.0],
                [0.639883, 0.721047, -0.265785, 0.481171, -0.248256, 0.521275, 0.816481, 0.21788, 0.727268, -0.45647, 0.512559, 1.34599, 0.0, 0.0, 0.0, 1.0],
                [0.637866, 0.618733, -0.458581, 0.490827, -0.276082, 0.739577, 0.613844, 0.314497, 0.718961, -0.264945, 0.642572, 1.290508, 0.0, 0.0, 0.0, 1.0],
                [0.639883, 0.556879, -0.529562, 0.558412, -0.248256, 0.801959, 0.543352, 0.665573, 0.727268, -0.216215, 0.651408, 1.255903, 0.0, 0.0, 0.0, 1.0],
                [0.642738, 0.621385, -0.448071, 1.020007, -0.262044, 0.72793, 0.633602, 1.461164, 0.719875, -0.289826, 0.630699, 1.114102, 0.0, 0.0, 0.0, 1.0],
                [0.634778, 0.747918, -0.194104, 1.453001, -0.290192, 0.463568, 0.837194, 2.271624, 0.716132, -0.475105, 0.511302, 1.025756, 0.0, 0.0, 0.0, 1.0],
                [0.623728, 0.750678, 0.21782, 1.716854, -0.29357, -0.033287, 0.955358, 2.893415, 0.724417, -0.65983, 0.199614, 0.965438, 0.0, 0.0, 0.0, 1.0],
                [0.648532, 0.483257, 0.588106, 1.939466, -0.24532, -0.598696, 0.762484, 3.224612, 0.720572, -0.638769, -0.269721, 0.838853, 0.0, 0.0, 0.0, 1.0],
                [0.611174, -0.115842, 0.782973, 2.210895, -0.096916, -0.992741, -0.071227, 3.312433, 0.785541, -0.032351, -0.617964, 0.591307, 0.0, 0.0, 0.0, 1.0],
                [0.677091, -0.714402, 0.176574, 2.469826, 0.23006, -0.022425, -0.972918, 3.333326, 0.699014, 0.699377, 0.149172, 0.323865, 0.0, 0.0, 0.0, 1.0],
                [0.766313, -0.618503, -0.173833, 2.617102, 0.268672, 0.554286, -0.787771, 3.379212, 0.583591, 0.556976, 0.590931, 0.175865, 0.0, 0.0, 0.0, 1.0],
                [0.662748, -0.738864, -0.121842, 2.662116, 0.21422, 0.342971, -0.914593, 3.515652, 0.717548, 0.580044, 0.385583, 0.144005, 0.0, 0.0, 0.0, 1.0],
                [0.235268, -0.508055, 0.828571, 2.685231, -0.74951, -0.637579, -0.178125, 3.70009, 0.618776, -0.579115, -0.530794, 0.128293, 0.0, 0.0, 0.0, 1.0],
                [0.922833, 0.217472, 0.317938, 2.693748, -0.355637, 0.798126, 0.486331, 3.862275, -0.147991, -0.561873, 0.813878, 0.123039, 0.0, 0.0, 0.0, 1.0],
                [0.977806, 0.143857, 0.152317, 2.694964, -0.186078, 0.930397, 0.315811, 3.931949, -0.096284, -0.337144, 0.936516, 0.122552, 0.0, 0.0, 0.0, 1.0],
                [0.977806, 0.143857, 0.152317, 2.694964, -0.186078, 0.930397, 0.315811, 3.931949, -0.096284, -0.337144, 0.936516, 0.122552, 0.0, 0.0, 0.0, 1.0],
                [0.977806, 0.143857, 0.152317, 2.694964, -0.186078, 0.930397, 0.315811, 3.931949, -0.096284, -0.337144, 0.936516, 0.122552, 0.0, 0.0, 0.0, 1.0],
                [0.977806, 0.143857, 0.152317, 2.694964, -0.186078, 0.930397, 0.315811, 3.931949, -0.096284, -0.337144, 0.936516, 0.122552, 0.0, 0.0, 0.0, 1.0],
                [0.977806, 0.143857, 0.152317, 2.694964, -0.186078, 0.930397, 0.315811, 3.931949, -0.096284, -0.337144, 0.936516, 0.122552, 0.0, 0.0, 0.0, 1.0],
                [0.977806, 0.143857, 0.152317, 2.694964, -0.186078, 0.930397, 0.315811, 3.931949, -0.096284, -0.337144, 0.936516, 0.122552, 0.0, 0.0, 0.0, 1.0],
