{
    "animation": [
        {
            "name": "Root",
            "time": [0.0, 0.0833, 0.1667, 0.25, 0.3333, 0.4167, 0.5, 0.5833, 0.6667, 0.75, 0.8333, 0.9167, 1.0, 1.0833, 1.1667, 1.25, 1.3333, 1.4167, 1.5, 1.5833, 1.6667, 1.75, 1.8333, 1.9167, 2.0, 2.0833, 2.1667, 2.25, 2.3333, 2.4167, 2.5, 2.5833, 2.6667, 2.75, 2.8333, 2.9167, 3.0, 3.0833, 3.1667, 3.25, 3.3333, 3.4167, 3.5, 3.5833, 3.6667, 3.75, 3.8333, 3.9167, 4.0, 4.0833, 4.1667, 4.25, 4.3333, 4.4167, 4.5, 4.5833, 4.6667, 4.75, 4.8333, 4.9167, 5.0, 5.0833, 5.1667, 5.25, 5.3333, 5.4167, 5.5, 5.5833, 5.6667, 5.75, 5.8333, 5.9167, 6.0, 6.0833, 6.1667, 6.25, 6.3333, 6.4167, 6.5, 6.5833, 6.6667, 6.75, 6.8333, 6.9167, 7.0, 7.0833, 7.1667, 7.25, 7.3333, 7.4167, 7.5, 7.5833, 7.6667, 7.75, 7.8333],
            "transform": [
                [1.0, 0.0, 0.0, -5e-06, 0.0, 0.0, -1.0, 0.000946, 0.0, 1.0, 0.0, 0.763972, 0.0, 0.0, 0.0, 1.0],
                [1.0, 0.0, 0.0, -5e-06, 0.0, 0.0, -1.0, 0.000946, 0.0, 1.0, 0.0, 0.764452, 0.0, 0.0, 0.0, 1.0],
                [1.0, 0.0, 0.0, -5e-06, 0.0, 0.0, -1.0, 0.000946, 0.0, 1.0, 0.0, 0.765719, 0.0, 0.0, 0.0, 1.0],
                [1.0, 0.0, 0.0, -5e-06, 0.0, 0.0, -1.0, 0.000946, 0.0, 1.0, 0.0, 0.767509, 0.0, 0.0, 0.0, 1.0],
                [1.0, 0.0, 0.0, -5e-06, 0.0, 0.0, -1.0, 0.000946, 0.0, 1.0, 0.0, 0.769562, 0.0, 0.0, 0.0, 1.0],
                [1.0, 0.0, 0.0, -5e-06, 0.0, 0.0, -1.0, 0.000946, 0.0, 1.0, 0.0, 0.771614, 0.0, 0.0, 0.0, 1.0],
                [1.0, 0.0, 0.0, -5e-06, 0.0, 0.0, -1.0, 0.000946, 0.0, 1.0, 0.0, 0.773405, 0.0, 0.0, 0.0, 1.0],
                [1.0, 0.0, 0.0, -5e-06, 0.0, 0.0, -1.0, 0.000946, 0.0, 1.0, 0.0, 0.774671, 0.0, 0.0, 0.0, 1.0],
                [1.0, 0.0, 0.0, -5e-06, 0.0, 0.0, -1.0, 0.000946, 0.0, 1.0, 0.0, 0.775151, 0.0, 0.0, 0.0, 1.0],
                [1.0, 0.0, 0.0, -5e-06, 0.0, 0.0, -1.0, 0.000946, 0.0, 1.0, 0.0, 0.774532, 0.0, 0.0, 0.0, 1.0],
                [1.0, 0.0, 0.0, -5e-06, 0.0, 0.0, -1.0, 0.000946, 0.0, 1.0, 0.0, 0.772935, 0.0, 0.0, 0.0, 1.0],
                [1.0, 0.0, 0.0, -5e-06, 0.0, 0.0, -1.0, 0.000946, 0.0, 1.0, 0.0, 0.770751, 0.0, 0.0, 0.0, 1.0],
                [1.0, 0.0, 0.0, -5e-06, 0.0, 0.0, -1.0, 0.000946, 0.0, 1.0, 0.0, 0.768372, 0.0, 0.0, 0.0, 1.0],
                [1.0, 0.0, 0.0, -5e-06, 0.0, 0.0, -1.0, 0.000946, 0.0, 1.0, 0.0, 0.766188, 0.0, 0.0, 0.0, 1.0],
                [1.0, 0.0, 0.0, -5e-06, 0.0, 0.0, -1.0, 0.000946, 0.0, 1.0, 0.0, 0.764591, 0.0, 0.0, 0.0, 1.0],
                [1.0, 0.0, 0.0, -5e-06, 0.0, 0.0, -1.0, 0.000946, 0.0, 1.0, 0.0, 0.763972, 0.0, 0.0, 0.0, 1.0],
                [0.998029, 0.0, 0.062752, -5e-06, 0.062752, 0.0, -0.998029, 0.045274, 0.0, 1.0, 0.0, 0.769877, 0.0, 0.0, 0.0, 1.0],
                [0.983911, 0.0, 0.178658, -5e-06, 0.178658, 0.0, -0.983911, 0.263639, 0.0, 1.0, 0.0, 0.775782, 0.0, 0.0, 0.0, 1.0],
                [0.970761, 0.0, 0.240049, -5e-06, 0.240049, 0.0, -0.970761, 0.550931, 0.0, 1.0, 0.0, 0.660591, 0.0, 0.0, 0.0, 1.0],
                [0.970761, 0.0, 0.240049, -5e-06, 0.240049, 0.0, -0.970761, 0.563446, 0.0, 1.0, 0.0, 0.660601, 0.0, 0.0, 0.0, 1.0],
                [0.970761, 0.0, 0.240049, -5e-06, 0.240049, 0.0, -0.970761, 0.572188, 0.0, 1.0, 0.0, 0.660669, 0.0, 0.0, 0.0, 1.0],
                [0.970761, 0.0, 0.240049, -5e-06, 0.240049, 0.0, -0.970761, 0.577956, 0.0, 1.0, 0.0, 0.660856, 0.0, 0.0, 0.0, 1.0],
                [0.970761, 0.0, 0.240049, -5e-06, 0.240049, 0.0, -0.970761, 0.581552, 0.0, 1.0, 0.0, 0.661218, 0.0, 0.0, 0.0, 1.0],
                [0.970761, 0.0, 0.240049, -5e-06, 0.240049, 0.0, -0.970761, 0.583775, 0.0, 1.0, 0.0, 0.661816, 0.0, 0.0, 0.0, 1.0],
                [0.970761, 0.0, 0.240049, -5e-06, 0.240049, 0.0, -0.970761, 0.585424, 0.0, 1.0, 0.0, 0.662707, 0.0, 0.0, 0.0, 1.0],
                [0.970761, 0.0, 0.240049, -5e-06, 0.240049, 0.0, -0.970761, 0.587301, 0.0, 1.0, 0.0, 0.663951, 0.0, 0.0, 0.0, 1.0],
                [0.970761, 0.0, 0.240049, -5e-06, 0.240049, 0.0, -0.970761, 0.590204, 0.0, 1.0, 0.0, 0.665607, 0.0, 0.0, 0.0, 1.0],
                [0.970761, 0.0, 0.240049, -5e-06, 0.240049, 0.0, -0.970761, 0.594935, 0.0, 1.0, 0.0, 0.667732, 0.0, 0.0, 0.0, 1.0],
                [0.970761, 0.0, 0.240049, -5e-06, 0.240049, 0.0, -0.970761, 0.602184, 0.0, 1.0, 0.0, 0.676633, 0.0, 0.0, 0.0, 1.0],
                [0.970761, 0.0, 0.240049, -5e-06, 0.240049, 0.0, -0.970761, 0.6122, 0.0, 1.0, 0.0, 0.694215, 0.0, 0.0, 0.0, 1.0],
                [0.970761, 0.0, 0.240049, -5e-06, 0.240049, 0.0, -0.970761, 0.625126, 0.0, 1.0, 0.0, 0.713937, 0.0, 0.0, 0.0, 1.0],
                [0.970761, 0.0, 0.240049, -5e-06, 0.240049, 0.0, -0.970761, 0.641103, 0.0, 1.0, 0.0, 0.729258, 0.0, 0.0, 0.0, 1.0],
                [0.970761, 0.0, 0.240049, -5e-06, 0.240049, 0.0, -0.970761, 0.659617, 0.0, 1.0, 0.0, 0.735649, 0.0, 0.0, 0.0, 1.0],
                [0.970761, 0.0, 0.240049, -5e-06, 0.240049, 0.0, -0.970761, 0.677533, 0.0, 1.0, 0.0, 0.736617, 0.0, 0.0, 0.0, 1.0],
                [0.970761, 0.0, 0.240049, -5e-06, 0.240049, 0.0, -0.970761, 0.691062, 0.0, 1.0, 0.0, 0.737683, 0.0, 0.0, 0.0, 1.0],
                [0.970761, 0.0, 0.240049, -5e-06, 0.240049, 0.0, -0.970761, 0.696414, 0.0, 1.0, 0.0, 0.744364, 0.0, 0.0, 0.0, 1.0],
                [0.970761, 0.0, 0.240049, -5e-06, 0.240049, 0.0, -0.970761, 0.664983, 0.0, 1.0, 0.0, 0.765981, 0.0, 0.0, 0.0, 1.0],
                [0.970761, 0.0, 0.240049, -5e-06, 0.240049, 0.0, -0.970761, 0.667876, 0.0, 1.0, 0.0, 0.760377, 0.0, 0.0, 0.0, 1.0],
                [0.970761, 0.0, 0.240049, -5e-06, 0.240049, 0.0, -0.970761, 0.677753, 0.0, 1.0, 0.0, 0.749969, 0.0, 0.0, 0.0, 1.0],
                [0.970761, 0.0, 0.240049, -5e-06, 0.240049, 0.0, -0.970761, 0.696414, 0.0, 1.0, 0.0, 0.744364, 0.0, 0.0, 0.0, 1.0],
                [0.971892, 0.0, 0.235427, -5e-06, 0.235427, 0.0, -0.971892, 0.724888, 0.0, 1.0, 0.0, 0.746741, 0.0, 0.0, 0.0, 1.0],
                [0.974907, 0.0, 0.222613, -5e-06, 0.222613, 0.0, -0.974907, 0.761131, 0.0, 1.0, 0.0, 0.752681, 0.0, 0.0, 0.0, 1.0],
                [0.979144, 0.0, 0.203168, -5e-06, 0.203168, 0.0, -0.979144, 0.802331, 0.0, 1.0, 0.0, 0.760404, 0.0, 0.0, 0.0, 1.0],
                [0.983911, 0.0, 0.178658, -5e-06, 0.178658, 0.0, -0.983911, 0.845673, 0.0, 1.0, 0.0, 0.768126, 0.0, 0.0, 0.0, 1.0],
                [0.988581, 0.0, 0.150688, -5e-06, 0.150688, 0.0, -0.988581, 0.888345, 0.0, 1.0, 0.0, 0.774067, 0.0, 0.0, 0.0, 1.0],
                [0.992663, 0.0, 0.120912, -5e-06, 0.120912, 0.0, -0.992663, 0.927534, 0.0, 1.0, 0.0, 0.776443, 0.0, 0.0, 0.0, 1.0],
                [0.995849, 0.0, 0.091026, -5e-06, 0.091026, 0.0, -0.995849, 0.960906, 0.0, 1.0, 0.0, 0.775863, 0.0, 0.0, 0.0, 1.0],
                [0.998029, 0.0, 0.062752, -5e-06, 0.062752, 0.0, -0.998029, 0.988053, 0.0, 1.0, 0.0, 0.77431, 0.0, 0.0, 0.0, 1.0],
                [0.999285, 0.0, 0.037815, -5e-06, 0.037815, 0.0, -0.999285, 1.009044, 0.0, 1.0, 0.0, 0.772064, 0.0, 0.0, 0.0, 1.0],
                [0.999839, 0.0, 0.017921, -5e-06, 0.017921, 0.0, -0.999839, 1.02395, 0.0, 1.0, 0.0, 0.769405, 0.0, 0.0, 0.0, 1.0],
                [0.999989, 0.0, 0.004759, -5e-06, 0.004759, 0.0, -0.999989, 1.032842, 0.0, 1.0, 0.0, 0.766614, 0.0, 0.0, 0.0, 1.0],
                [1.0, 0.0, 0.0, -5e-06, 0.0, 0.0, -1.0, 1.03579, 0.0, 1.0, 0.0, 0.763972, 0.0, 0.0, 0.0, 1.0],
                [1.0, 0.0, 0.0, -5e-06, 0.0, 0.0, -1.0, 1.03579, 0.0, 1.0, 0.0, 0.761705, 0.0, 0.0, 0.0, 1.0],
                [1.0, 0.0, 0.0, -5e-06, 0.0, 0.0, -1.0, 1.03579, 0.0, 1.0, 0.0, 0.759829, 0.0, 0.0, 0.0, 1.0],
                [1.0, 0.0, 0.0, -5e-06, 0.0, 0.0, -1.0, 1.03579, 0.0, 1.0, 0.0, 0.758308, 0.0, 0.0, 0.0, 1.0],
                [1.0, 0.0, 0.0, -5e-06, 0.0, 0.0, -1.0, 1.03579, 0.0, 1.0, 0.0, 0.757105, 0.0, 0.0, 0.0, 1.0],
                [1.0, 0.0, 0.0, -5e-06, 0.0, 0.0, -1.0, 1.03579, 0.0, 1.0, 0.0, 0.756181, 0.0, 0.0, 0.0, 1.0],
                [1.0, 0.0, 0.0, -5e-06, 0.0, 0.0, -1.0, 1.03579, 0.0, 1.0, 0.0, 0.755502, 0.0, 0.0, 0.0, 1.0],
                [1.0, 0.0, 0.0, -5e-06, 0.0, 0.0, -1.0, 1.03579, 0.0, 1.0, 0.0, 0.755029, 0.0, 0.0, 0.0, 1.0],
                [1.0, 0.0, 0.0, -5e-06, 0.0, 0.0, -1.0, 1.03579, 0.0, 1.0, 0.0, 0.754725, 0.0, 0.0, 0.0, 1.0],
                [1.0, 0.0, 0.0, -5e-06, 0.0, 0.0, -1.0, 1.03579, 0.0, 1.0, 0.0, 0.754554, 0.0, 0.0, 0.0, 1.0],
                [1.0, 0.0, 0.0, -5e-06, 0.0, 0.0, -1.0, 1.03579, 0.0, 1.0, 0.0, 0.754479, 0.0, 0.0, 0.0, 1.0],
                [1.0, 0.0, 0.0, -5e-06, 0.0, 0.0, -1.0, 1.03579, 0.0, 1.0, 0.0, 0.754462, 0.0, 0.0, 0.0, 1.0],
                [1.0, 0.0, 0.0, -5e-06, 0.0, 0.0, -1.0, 1.03579, 0.0, 1.0, 0.0, 0.75461, 0.0, 0.0, 0.0, 1.0],
                [1.0, 0.0, 0.0, -5e-06, 0.0, 0.0, -1.0, 1.03579, 0.0, 1.0, 0.0, 0.755031, 0.0, 0.0, 0.0, 1.0],
                [1.0, 0.0, 0.0, -5e-06, 0.0, 0.0, -1.0, 1.03579, 0.0, 1.0, 0.0, 0.75569, 0.0, 0.0, 0.0, 1.0],
                [1.0, 0.0, 0.0, -5e-06, 0.0, 0.0, -1.0, 1.03579, 0.0, 1.0, 0.0, 0.75655, 0.0, 0.0, 0.0, 1.0],
                [1.0, 0.0, 0.0, -5e-06, 0.0, 0.0, -1.0, 1.03579, 0.0, 1.0, 0.0, 0.757578, 0.0, 0.0, 0.0, 1.0],
                [1.0, 0.0, 0.0, -5e-06, 0.0, 0.0, -1.0, 1.03579, 0.0, 1.0, 0.0, 0.758736, 0.0, 0.0, 0.0, 1.0],
                [1.0, 0.0, 0.0, -5e-06, 0.0, 0.0, -1.0, 1.03579, 0.0, 1.0, 0.0, 0.75999, 0.0, 0.0, 0.0, 1.0],
                [1.0, 0.0, 0.0, -5e-06, 0.0, 0.0, -1.0, 1.03579, 0.0, 1.0, 0.0, 0.761304, 0.0, 0.0, 0.0, 1.0],
                [1.0, 0.0, 0.0, -5e-06, 0.0, 0.0, -1.0, 1.03579, 0.0, 1.0, 0.0, 0.762643, 0.0, 0.0, 0.0, 1.0],
                [1.0, 0.0, 0.0, -5e-06, 0.0, 0.0, -1.0, 1.03579, 0.0, 1.0, 0.0, 0.763972, 0.0, 0.0, 0.0, 1.0],
                [1.0, 0.0, 0.0, -5e-06, 0.0, 0.0, -1.0, 1.03579, 0.0, 1.0, 0.0, 0.765259, 0.0, 0.0, 0.0, 1.0],
                [1.0, 0.0, 0.0, -5e-06, 0.0, 0.0, -1.0, 1.03579, 0.0, 1.0, 0.0, 0.766496, 0.0, 0.0, 0.0, 1.0],
                [1.0, 0.0, 0.0, -5e-06, 0.0, 0.0, -1.0, 1.03579, 0.0, 1.0, 0.0, 0.767678, 0.0, 0.0, 0.0, 1.0],
                [1.0, 0.0, 0.0, -5e-06, 0.0, 0.0, -1.0, 1.03579, 0.0, 1.0, 0.0, 0.7688, 0.0, 0.0, 0.0, 1.0],
                [1.0, 0.0, 0.0, -5e-06, 0.0, 0.0, -1.0, 1.03579, 0.0, 1.0, 0.0, 0.769858, 0.0, 0.0, 0.0, 1.0],
                [1.0, 0.0, 0.0, -5e-06, 0.0, 0.0, -1.0, 1.03579, 0.0, 1.0, 0.0, 0.770848, 0.0, 0.0, 0.0, 1.0],
                [1.0, 0.0, 0.0, -5e-06, 0.0, 0.0, -1.0, 1.03579, 0.0, 1.0, 0.0, 0.771765, 0.0, 0.0, 0.0, 1.0],
                [1.0, 0.0, 0.0, -5e-06, 0.0, 0.0, -1.0, 1.03579, 0.0, 1.0, 0.0, 0.772604, 0.0, 0.0, 0.0, 1.0],
                [1.0, 0.0, 0.0, -5e-06, 0.0, 0.0, -1.0, 1.03579, 0.0, 1.0, 0.0, 0.773362, 0.0, 0.0, 0.0, 1.0],
                [1.0, 0.0, 0.0, -5e-06, 0.0, 0.0, -1.0, 1.03579, 0.0, 1.0, 0.0, 0.774032, 0.0, 0.0, 0.0, 1.0],
                [1.0, 0.0, 0.0, -5e-06, 0.0, 0.0, -1.0, 1.03579, 0.0, 1.0, 0.0, 0.774612, 0.0, 0.0, 0.0, 1.0],
                [1.0, 0.0, 0.0, -5e-06, 0.0, 0.0, -1.0, 1.03579, 0.0, 1.0, 0.0, 0.775097, 0.0, 0.0, 0.0, 1.0],
                [1.0, 0.0, 0.0, -5e-06, 0.0, 0.0, -1.0, 1.03579, 0.0, 1.0, 0.0, 0.775482, 0.0, 0.0, 0.0, 1.0],
                [1.0, 0.0, 0.0, -5e-06, 0.0, 0.0, -1.0, 1.03579, 0.0, 1.0, 0.0, 0.775762, 0.0, 0.0, 0.0, 1.0],
                [1.0, 0.0, 0.0, -5e-06, 0.0, 0.0, -1.0, 1.03579, 0.0, 1.0, 0.0, 0.775934, 0.0, 0.0, 0.0, 1.0],
                [1.0, 0.0, 0.0, -5e-06, 0.0, 0.0, -1.0, 1.03579, 0.0, 1.0, 0.0, 0.775992, 0.0, 0.0, 0.0, 1.0],
                [1.0, 0.0, 0.0, -5e-06, 0.0, 0.0, -1.0, 1.03579, 0.0, 1.0, 0.0, 0.775101, 0.0, 0.0, 0.0, 1.0],
                [1.0, 0.0, 0.0, -5e-06, 0.0, 0.0, -1.0, 1.03579, 0.0, 1.0, 0.0, 0.772875, 0.0, 0.0, 0.0, 1.0],
                [1.0, 0.0, 0.0, -5e-06, 0.0, 0.0, -1.0, 1.03579, 0.0, 1.0, 0.0, 0.769982, 0.0, 0.0, 0.0, 1.0],
                [1.0, 0.0, 0.0, -5e-06, 0.0, 0.0, -1.0, 1.03579, 0.0, 1.0, 0.0, 0.767088, 0.0, 0.0, 0.0, 1.0],
                [1.0, 0.0, 0.0, -5e-06, 0.0, 0.0, -1.0, 1.03579, 0.0, 1.0, 0.0, 0.764862, 0.0, 0.0, 0.0, 1.0],
                [1.0, 0.0, 0.0, -5e-06, 0.0, 0.0, -1.0, 1.03579, 0.0, 1.0, 0.0, 0.763972, 0.0, 0.0, 0.0, 1.0]
            ]
        },
        {
            "name": "Thigh_R",
            "time": [0.0, 0.0833, 0.1667, 0.25, 0.3333, 0.4167, 0.5, 0.5833, 0.6667, 0.75, 0.8333, 0.9167, 1.0, 1.0833, 1.1667, 1.25, 1.3333, 1.4167, 1.5, 1.5833, 1.6667, 1.75, 1.8333, 1.9167, 2.0, 2.0833, 2.1667, 2.25, 2.3333, 2.4167, 2.5, 2.5833, 2.6667, 2.75, 2.8333, 2.9167, 3.0, 3.0833, 3.1667, 3.25, 3.3333, 3.4167, 3.5, 3.5833, 3.6667, 3.75, 3.8333, 3.9167, 4.0, 4.0833, 4.1667, 4.25, 4.3333, 4.4167, 4.5, 4.5833, 4.6667, 4.75, 4.8333, 4.9167, 5.0, 5.0833, 5.1667, 5.25, 5.3333, 5.4167, 5.5, 5.5833, 5.6667, 5.75, 5.8333, 5.9167, 6.0, 6.0833, 6.1667, 6.25, 6.3333, 6.4167, 6.5, 6.5833, 6.6667, 6.75, 6.8333, 6.9167, 7.0, 7.0833, 7.1667, 7.25, 7.3333, 7.4167, 7.5, 7.5833, 7.6667, 7.75, 7.8333],
            "transform": [
                [0.958626, 0.123484, 0.256492, 0.124994, 0.111243, -0.991873, 0.061755, -0.002831, 0.262034, -0.030667, -0.964571, -1.2e-05, 0.0, 0.0, 0.0, 1.0],
                [0.958613, 0.122736, 0.256899, 0.124994, 0.111182, -0.992042, 0.059085, -0.002831, 0.262107, -0.028077, -0.96463, -1.2e-05, 0.0, 0.0, 0.0, 1.0],
                [0.958579, 0.120714, 0.257981, 0.124994, 0.11102, -0.992464, 0.051874, -0.002831, 0.262299, -0.021084, -0.964756, -1.2e-05, 0.0, 0.0, 0.0, 1.0],
                [0.958531, 0.117719, 0.259538, 0.124994, 0.110792, -0.992989, 0.04121, -0.002831, 0.262569, -0.010746, -0.964854, -1.2e-05, 0.0, 0.0, 0.0, 1.0],
                [0.958477, 0.114056, 0.261368, 0.124994, 0.110532, -0.993473, 0.028196, -0.002831, 0.262878, 0.001865, -0.964827, -1.2e-05, 0.0, 0.0, 0.0, 1.0],
                [0.958422, 0.1101, 0.263258, 0.124994, 0.110273, -0.993801, 0.014165, -0.002831, 0.263185, 0.015455, -0.964622, -1.2e-05, 0.0, 0.0, 0.0, 1.0],
                [0.958375, 0.106351, 0.264966, 0.124994, 0.110048, -0.993926, 0.000895, -0.002831, 0.263452, 0.028302, -0.964257, -1.2e-05, 0.0, 0.0, 0.0, 1.0],
                [0.958341, 0.103462, 0.266228, 0.124994, 0.10989, -0.993901, -0.00932, -0.002831, 0.26364, 0.038188, -0.963865, -1.2e-05, 0.0, 0.0, 0.0, 1.0],
                [0.958329, 0.102319, 0.266715, 0.124994, 0.10983, -0.993861, -0.013355, -0.002831, 0.263711, 0.042092, -0.963683, -1.2e-05, 0.0, 0.0, 0.0, 1.0],
                [0.958345, 0.103786, 0.266089, 0.124994, 0.109907, -0.993909, -0.008175, -0.002831, 0.263619, 0.037079, -0.963914, -1.2e-05, 0.0, 0.0, 0.0, 1.0],
                [0.958387, 0.107365, 0.264512, 0.124994, 0.110107, -0.99391, 0.004482, -0.002831, 0.263382, 0.024829, -0.964372, -1.2e-05, 0.0, 0.0, 0.0, 1.0],
                [0.958445, 0.111802, 0.262456, 0.124994, 0.110382, -0.993685, 0.020197, -0.002831, 0.263056, 0.009612, -0.964733, -1.2e-05, 0.0, 0.0, 0.0, 1.0],
                [0.958508, 0.116211, 0.260301, 0.124994, 0.110683, -0.99321, 0.03585, -0.002831, 0.262699, -0.005552, -0.964862, -1.2e-05, 0.0, 0.0, 0.0, 1.0],
                [0.958567, 0.119944, 0.258386, 0.124994, 0.11096, -0.99261, 0.049133, -0.002831, 0.26237, -0.018427, -0.964791, -1.2e-05, 0.0, 0.0, 0.0, 1.0],
                [0.958609, 0.122518, 0.257017, 0.124994, 0.111164, -0.992091, 0.058307, -0.002831, 0.262128, -0.027323, -0.964646, -1.2e-05, 0.0, 0.0, 0.0, 1.0],
                [0.958626, 0.123484, 0.256492, 0.124994, 0.111243, -0.991873, 0.061755, -0.002831, 0.262034, -0.030667, -0.964571, -1.2e-05, 0.0, 0.0, 0.0, 1.0],
                [0.934422, 0.224464, 0.276536, 0.124994, 0.03049, -0.823981, 0.565797, -0.002831, 0.354862, -0.520261, -0.776789, -1.2e-05, 0.0, 0.0, 0.0, 1.0],
                [0.835293, 0.327692, 0.441479, 0.124994, -0.1407, -0.648833, 0.747811, -0.002831, 0.531498, -0.686757, -0.495859, -1.2e-05, 0.0, 0.0, 0.0, 1.0],
                [0.919052, 0.299991, 0.255634, 0.124994, -0.005341, -0.639053, 0.769144, -0.002831, 0.394099, -0.70825, -0.585721, -1.2e-05, 0.0, 0.0, 0.0, 1.0],
                [0.922842, 0.298856, 0.242998, 0.124994, 0.002911, -0.636262, 0.771468, -0.002831, 0.385168, -0.711236, -0.588039, -1.2e-05, 0.0, 0.0, 0.0, 1.0],
                [0.925155, 0.297855, 0.235308, 0.124994, 0.008116, -0.635283, 0.772237, -0.002831, 0.379502, -0.71253, -0.590153, -1.2e-05, 0.0, 0.0, 0.0, 1.0],
                [0.92655, 0.297028, 0.230822, 0.124994, 0.011322, -0.635351, 0.772141, -0.002831, 0.376, -0.712815, -0.592048, -1.2e-05, 0.0, 0.0, 0.0, 1.0],
                [0.927368, 0.296303, 0.228459, 0.124994, 0.013224, -0.636181, 0.771427, -0.002831, 0.373917, -0.712376, -0.593892, -1.2e-05, 0.0, 0.0, 0.0, 1.0],
                [0.927847, 0.295563, 0.22747, 0.124994, 0.014348, -0.637739, 0.770119, -0.002831, 0.372685, -0.71129, -0.595964, -1.2e-05, 0.0, 0.0, 0.0, 1.0],
                [0.928183, 0.294668, 0.227261, 0.124994, 0.01514, -0.64011, 0.768134, -0.002831, 0.371816, -0.709529, -0.5986, -1.2e-05, 0.0, 0.0, 0.0, 1.0],
                [0.928549, 0.293475, 0.227307, 0.124994, 0.016008, -0.643431, 0.765337, -0.002831, 0.370863, -0.707015, -0.602156, -1.2e-05, 0.0, 0.0, 0.0, 1.0],
                [0.929103, 0.291849, 0.227137, 0.124994, 0.017327, -0.647861, 0.761562, -0.002831, 0.369414, -0.703635, -0.606986, -1.2e-05, 0.0, 0.0, 0.0, 1.0],
                [0.929972, 0.289668, 0.226372, 0.124994, 0.019414, -0.653597, 0.756594, -0.002831, 0.367117, -0.699217, -0.613451, -1.2e-05, 0.0, 0.0, 0.0, 1.0],
                [0.931033, 0.281854, 0.231809, 0.124994, 0.021995, -0.677392, 0.735294, -0.002831, 0.364271, -0.679485, -0.636874, -1.2e-05, 0.0, 0.0, 0.0, 1.0],
                [0.932137, 0.265715, 0.245998, 0.124994, 0.024721, -0.724469, 0.688864, -0.002831, 0.361259, -0.636035, -0.681873, -1.2e-05, 0.0, 0.0, 0.0, 1.0],
                [0.933377, 0.24501, 0.262255, 0.124994, 0.027827, -0.777929, 0.627736, -0.002831, 0.357818, -0.578617, -0.732919, -1.2e-05, 0.0, 0.0, 0.0, 1.0],
                [0.934866, 0.226764, 0.273136, 0.124994, 0.031635, -0.819551, 0.572133, -0.002831, 0.353587, -0.526227, -0.773344, -1.2e-05, 0.0, 0.0, 0.0, 1.0],
                [0.936626, 0.219602, 0.272959, 0.124994, 0.036243, -0.835705, 0.547982, -0.002831, 0.348451, -0.503362, -0.790701, -1.2e-05, 0.0, 0.0, 0.0, 1.0],
                [0.938256, 0.219174, 0.267653, 0.124994, 0.040624, -0.838147, 0.54393, -0.002831, 0.343548, -0.499473, -0.7953, -1.2e-05, 0.0, 0.0, 0.0, 1.0],
                [0.939349, 0.217832, 0.264899, 0.124994, 0.043629, -0.842012, 0.537692, -0.002831, 0.340174, -0.493524, -0.800447, -1.2e-05, 0.0, 0.0, 0.0, 1.0],
                [0.939549, 0.209081, 0.27117, 0.124994, 0.044183, -0.859339, 0.509495, -0.002831, 0.339552, -0.466715, -0.816628, -1.2e-05, 0.0, 0.0, 0.0, 1.0],
                [0.936232, 0.145504, 0.319841, 0.124994, 0.035199, -0.944494, 0.326639, -0.002831, 0.349615, -0.294552, -0.889387, -1.2e-05, 0.0, 0.0, 0.0, 1.0],
                [0.936659, 0.173537, 0.304228, 0.124994, 0.036329, -0.912074, 0.408414, -0.002831, 0.348354, -0.371492, -0.860607, -1.2e-05, 0.0, 0.0, 0.0, 1.0],
                [0.937849, 0.199306, 0.284106, 0.124994, 0.039519, -0.874655, 0.483133, -0.002831, 0.344786, -0.441879, -0.828171, -1.2e-05, 0.0, 0.0, 0.0, 1.0],
                [0.939549, 0.209081, 0.27117, 0.124994, 0.044183, -0.859339, 0.509495, -0.002831, 0.339552, -0.466715, -0.816628, -1.2e-05, 0.0, 0.0, 0.0, 1.0],
                [0.940872, 0.204676, 0.269939, 0.124994, 0.047909, -0.869227, 0.492087, -0.002831, 0.335356, -0.450059, -0.827637, -1.2e-05, 0.0, 0.0, 0.0, 1.0],
                [0.941751, 0.192857, 0.275521, 0.124994, 0.050431, -0.890961, 0.451271, -0.002831, 0.332509, -0.411091, -0.848789, -1.2e-05, 0.0, 0.0, 0.0, 1.0],
                [0.942842, 0.175757, 0.283123, 0.124994, 0.053621, -0.91855, 0.391651, -0.002831, 0.328898, -0.354084, -0.875472, -1.2e-05, 0.0, 0.0, 0.0, 1.0],
                [0.944472, 0.155936, 0.289237, 0.124994, 0.058514, -0.945972, 0.318928, -0.002831, 0.323342, -0.284294, -0.902567, -1.2e-05, 0.0, 0.0, 0.0, 1.0],
                [0.946646, 0.136854, 0.291773, 0.124994, 0.065311, -0.968038, 0.242151, -0.002831, 0.315586, -0.210175, -0.925328, -1.2e-05, 0.0, 0.0, 0.0, 1.0],
                [0.949163, 0.123209, 0.289671, 0.124994, 0.073612, -0.98158, 0.176303, -0.002831, 0.306057, -0.146018, -0.940749, -1.2e-05, 0.0, 0.0, 0.0, 1.0],
                [0.951689, 0.116098, 0.28427, 0.124994, 0.082508, -0.988408, 0.12745, -0.002831, 0.295771, -0.097838, -0.950236, -1.2e-05, 0.0, 0.0, 0.0, 1.0],
                [0.953979, 0.112812, 0.277845, 0.124994, 0.091176, -0.991792, 0.089642, -0.002831, 0.285678, -0.060184, -0.956434, -1.2e-05, 0.0, 0.0, 0.0, 1.0],
                [0.955896, 0.112903, 0.271139, 0.124994, 0.098982, -0.992996, 0.064526, -0.002831, 0.276525, -0.034842, -0.960375, -1.2e-05, 0.0, 0.0, 0.0, 1.0],
                [0.957344, 0.115485, 0.264868, 0.124994, 0.105296, -0.99306, 0.052399, -0.002831, 0.269081, -0.022274, -0.96286, -1.2e-05, 0.0, 0.0, 0.0, 1.0],
                [0.958267, 0.1194, 0.259747, 0.124994, 0.109539, -0.992613, 0.052171, -0.002831, 0.264057, -0.021541, -0.964267, -1.2e-05, 0.0, 0.0, 0.0, 1.0],
                [0.958626, 0.123484, 0.256493, 0.124994, 0.111243, -0.991873, 0.061755, -0.002831, 0.262034, -0.030667, -0.964571, -1.2e-05, 0.0, 0.0, 0.0, 1.0],
                [0.958686, 0.126885, 0.254599, 0.124994, 0.111534, -0.991009, 0.073913, -0.002831, 0.261688, -0.042463, -0.964218, -1.2e-05, 0.0, 0.0, 0.0, 1.0],
                [0.958736, 0.129555, 0.25306, 0.124994, 0.111776, -0.990222, 0.083478, -0.002831, 0.261401, -0.051747, -0.963843, -1.2e-05, 0.0, 0.0, 0.0, 1.0],
                [0.958777, 0.131636, 0.251829, 0.124994, 0.111973, -0.989542, 0.090944, -0.002831, 0.261167, -0.058997, -0.963489, -1.2e-05, 0.0, 0.0, 0.0, 1.0],
                [0.95881, 0.133233, 0.250864, 0.124994, 0.112129, -0.98898, 0.096684, -0.002831, 0.260981, -0.064572, -0.963182, -1.2e-05, 0.0, 0.0, 0.0, 1.0],
                [0.958835, 0.134431, 0.250129, 0.124994, 0.112249, -0.988535, 0.100992, -0.002831, 0.260838, -0.068758, -0.962931, -1.2e-05, 0.0, 0.0, 0.0, 1.0],
                [0.958853, 0.135298, 0.249591, 0.124994, 0.112337, -0.988201, 0.104115, -0.002831, 0.260733, -0.071792, -0.962738, -1.2e-05, 0.0, 0.0, 0.0, 1.0],
                [0.958865, 0.135894, 0.249218, 0.124994, 0.112399, -0.987965, 0.106265, -0.002831, 0.260659, -0.073882, -0.9626, -1.2e-05, 0.0, 0.0, 0.0, 1.0],
                [0.958874, 0.136274, 0.248979, 0.124994, 0.112439, -0.987812, 0.107634, -0.002831, 0.260612, -0.075213, -0.96251, -1.2e-05, 0.0, 0.0, 0.0, 1.0],
                [0.958878, 0.136487, 0.248845, 0.124994, 0.112461, -0.987726, 0.108402, -0.002831, 0.260586, -0.075959, -0.962458, -1.2e-05, 0.0, 0.0, 0.0, 1.0],
                [0.95888, 0.136581, 0.248785, 0.124994, 0.112471, -0.987688, 0.10874, -0.002831, 0.260574, -0.076288, -0.962435, -1.2e-05, 0.0, 0.0, 0.0, 1.0],
                [0.958881, 0.136602, 0.248772, 0.124994, 0.112473, -0.987679, 0.108816, -0.002831, 0.260571, -0.076361, -0.96243, -1.2e-05, 0.0, 0.0, 0.0, 1.0],
                [0.958877, 0.136418, 0.248888, 0.124994, 0.112454, -0.987754, 0.108152, -0.002831, 0.260594, -0.075716, -0.962475, -1.2e-05, 0.0, 0.0, 0.0, 1.0],
                [0.958865, 0.135891, 0.24922, 0.124994, 0.112399, -0.987966, 0.106254, -0.002831, 0.26066, -0.073871, -0.9626, -1.2e-05, 0.0, 0.0, 0.0, 1.0],
                [0.958848, 0.135059, 0.24974, 0.124994, 0.112313, -0.988294, 0.103255, -0.002831, 0.260762, -0.070957, -0.962792, -1.2e-05, 0.0, 0.0, 0.0, 1.0],
                [0.958824, 0.133955, 0.250423, 0.124994, 0.112201, -0.988714, 0.099279, -0.002831, 0.260895, -0.067094, -0.963033, -1.2e-05, 0.0, 0.0, 0.0, 1.0],
                [0.958797, 0.13261, 0.251243, 0.124994, 0.112067, -0.989203, 0.094444, -0.002831, 0.261054, -0.062397, -0.963306, -1.2e-05, 0.0, 0.0, 0.0, 1.0],
                [0.958766, 0.131058, 0.252174, 0.124994, 0.111917, -0.989737, 0.088868, -0.002831, 0.261232, -0.056981, -0.963593, -1.2e-05, 0.0, 0.0, 0.0, 1.0],
                [0.958732, 0.129331, 0.253192, 0.124994, 0.111755, -0.990292, 0.082673, -0.002831, 0.261425, -0.050966, -0.963877, -1.2e-05, 0.0, 0.0, 0.0, 1.0],
                [0.958697, 0.127466, 0.254268, 0.124994, 0.111585, -0.990846, 0.075991, -0.002831, 0.261627, -0.044479, -0.964144, -1.2e-05, 0.0, 0.0, 0.0, 1.0],
                [0.958661, 0.125501, 0.255378, 0.124994, 0.111413, -0.991379, 0.068964, -0.002831, 0.261831, -0.03766, -0.964379, -1.2e-05, 0.0, 0.0, 0.0, 1.0],
                [0.958626, 0.123484, 0.256492, 0.124994, 0.111243, -0.991873, 0.061755, -0.002831, 0.262033, -0.030667, -0.964571, -1.2e-05, 0.0, 0.0, 0.0, 1.0],
                [0.958591, 0.121456, 0.257587, 0.124994, 0.111078, -0.992316, 0.05452, -0.002831, 0.262229, -0.02365, -0.964716, -1.2e-05, 0.0, 0.0, 0.0, 1.0],
                [0.958558, 0.119434, 0.258653, 0.124994, 0.110921, -0.992703, 0.047315, -0.002831, 0.262416, -0.016664, -0.964811, -1.2e-05, 0.0, 0.0, 0.0, 1.0],
                [0.958527, 0.117427, 0.259686, 0.124994, 0.110771, -0.993034, 0.040174, -0.002831, 0.262595, -0.009742, -0.964857, -1.2e-05, 0.0, 0.0, 0.0, 1.0],
                [0.958497, 0.115446, 0.260683, 0.124994, 0.110628, -0.99331, 0.033132, -0.002831, 0.262763, -0.002918, -0.964856, -1.2e-05, 0.0, 0.0, 0.0, 1.0],
                [0.958469, 0.113504, 0.261637, 0.124994, 0.110495, -0.993531, 0.026234, -0.002831, 0.262922, 0.003765, -0.964809, -1.2e-05, 0.0, 0.0, 0.0, 1.0],
                [0.958443, 0.111614, 0.262545, 0.124994, 0.11037, -0.993699, 0.019531, -0.002831, 0.263071, 0.010258, -0.964722, -1.2e-05, 0.0, 0.0, 0.0, 1.0],
                [0.958418, 0.109796, 0.263399, 0.124994, 0.110254, -0.993818, 0.013088, -0.002831, 0.263207, 0.016497, -0.964598, -1.2e-05, 0.0, 0.0, 0.0, 1.0],
                [0.958396, 0.108066, 0.264194, 0.124994, 0.110149, -0.993891, 0.006962, -0.002831, 0.263333, 0.022428, -0.964444, -1.2e-05, 0.0, 0.0, 0.0, 1.0],
                [0.958376, 0.106445, 0.264924, 0.124994, 0.110054, -0.993925, 0.001228, -0.002831, 0.263445, 0.027979, -0.964269, -1.2e-05, 0.0, 0.0, 0.0, 1.0],
                [0.958358, 0.104956, 0.265582, 0.124994, 0.10997, -0.993927, -0.004035, -0.002831, 0.263545, 0.033073, -0.96408, -1.2e-05, 0.0, 0.0, 0.0, 1.0],
                [0.958343, 0.103599, 0.266169, 0.124994, 0.109897, -0.993904, -0.008835, -0.002831, 0.263631, 0.037719, -0.963886, -1.2e-05, 0.0, 0.0, 0.0, 1.0],
                [0.95833, 0.102451, 0.26666, 0.124994, 0.109837, -0.993867, -0.012891, -0.002831, 0.263703, 0.041643, -0.963705, -1.2e-05, 0.0, 0.0, 0.0, 1.0],
                [0.95832, 0.101515, 0.267054, 0.124994, 0.109789, -0.993823, -0.016195, -0.002831, 0.26376, 0.04484, -0.963546, -1.2e-05, 0.0, 0.0, 0.0, 1.0],
                [0.958312, 0.100818, 0.267344, 0.124994, 0.109754, -0.993784, -0.018653, -0.002831, 0.263801, 0.047218, -0.963421, -1.2e-05, 0.0, 0.0, 0.0, 1.0],
                [0.958308, 0.100386, 0.267523, 0.124994, 0.109732, -0.993757, -0.020179, -0.002831, 0.263827, 0.048693, -0.96334, -1.2e-05, 0.0, 0.0, 0.0, 1.0],
                [0.958306, 0.100238, 0.267584, 0.124994, 0.109725, -0.993747, -0.0207, -0.002831, 0.263835, 0.049197, -0.963313, -1.2e-05, 0.0, 0.0, 0.0, 1.0],
                [0.95833, 0.10244, 0.266664, 0.124994, 0.109836, -0.993866, -0.012928, -0.002831, 0.263704, 0.041679, -0.963703, -1.2e-05, 0.0, 0.0, 0.0, 1.0],
                [0.958389, 0.107492, 0.264454, 0.124994, 0.110115, -0.993907, 0.004932, -0.002831, 0.263373, 0.024393, -0.964386, -1.2e-05, 0.0, 0.0, 0.0, 1.0],
                [0.958466, 0.113272, 0.26175, 0.124994, 0.110479, -0.993554, 0.025413, -0.002831, 0.262941, 0.00456, -0.964801, -1.2e-05, 0.0, 0.0, 0.0, 1.0],
                [0.958543, 0.118438, 0.259168, 0.124994, 0.110845, -0.992874, 0.043771, -0.002831, 0.262506, -0.013229, -0.96484, -1.2e-05, 0.0, 0.0, 0.0, 1.0],
                [0.958602, 0.122089, 0.257248, 0.124994, 0.111129, -0.992183, 0.056779, -0.002831, 0.262169, -0.025841, -0.964676, -1.2e-05, 0.0, 0.0, 0.0, 1.0],
                [0.958626, 0.123484, 0.256492, 0.124994, 0.111243, -0.991873, 0.061755, -0.002831, 0.262034, -0.030667, -0.964571, -1.2e-05, 0.0, 0.0, 0.0, 1.0]
            ]
        },
        {
            "name": "Leg_R",
            "time": [0.0, 0.0833, 0.1667, 0.25, 0.3333, 0.4167, 0.5, 0.5833, 0.6667, 0.75, 0.8333, 0.9167, 1.0, 1.0833, 1.1667, 1.25, 1.3333, 1.4167, 1.5, 1.5833, 1.6667, 1.75, 1.8333, 1.9167, 2.0, 2.0833, 2.1667, 2.25, 2.3333, 2.4167, 2.5, 2.5833, 2.6667, 2.75, 2.8333, 2.9167, 3.0, 3.0833, 3.1667, 3.25, 3.3333, 3.4167, 3.5, 3.5833, 3.6667, 3.75, 3.8333, 3.9167, 4.0, 4.0833, 4.1667, 4.25, 4.3333, 4.4167, 4.5, 4.5833, 4.6667, 4.75, 4.8333, 4.9167, 5.0, 5.0833, 5.1667, 5.25, 5.3333, 5.4167, 5.5, 5.5833, 5.6667, 5.75, 5.8333, 5.9167, 6.0, 6.0833, 6.1667, 6.25, 6.3333, 6.4167, 6.5, 6.5833, 6.6667, 6.75, 6.8333, 6.9167, 7.0, 7.0833, 7.1667, 7.25, 7.3333, 7.4167, 7.5, 7.5833, 7.6667, 7.75, 7.8333],
            "transform": [
                [1.0, -0.0, 1e-06, 0.0, -0.0, 0.898601, 0.438765, 0.374726, -1e-06, -0.438764, 0.898603, 0.0, 0.0, 0.0, 0.0, 1.0],
                [1.0, -0.0, 1e-06, -0.0, -0.0, 0.90105, 0.433714, 0.374726, -1e-06, -0.433714, 0.901052, -0.0, 0.0, 0.0, 0.0, 1.0],
                [1.0, -0.0, 1e-06, 0.0, -0.0, 0.907512, 0.420024, 0.374726, -1e-06, -0.420024, 0.907514, 0.0, 0.0, 0.0, 0.0, 1.0],
                [1.0, -0.0, 1e-06, 0.0, -0.0, 0.916666, 0.399653, 0.374726, -1e-06, -0.399653, 0.916667, 0.0, 0.0, 0.0, 0.0, 1.0],
                [1.0, -0.0, 1e-06, 0.0, -0.0, 0.927186, 0.3746, 0.374726, -1e-06, -0.3746, 0.927187, 0.0, 0.0, 0.0, 0.0, 1.0],
                [1.0, -0.0, 1e-06, -0.0, -0.0, 0.937728, 0.34737, 0.374726, -1e-06, -0.347369, 0.937729, -0.0, 0.0, 0.0, 0.0, 1.0],
                [1.0, -0.0, 1e-06, -0.0, -0.0, 0.946936, 0.321421, 0.374726, -1e-06, -0.32142, 0.946937, 0.0, 0.0, 0.0, 0.0, 1.0],
                [1.0, -0.0, 1e-06, -0.0, -0.0, 0.953518, 0.301333, 0.374726, -1e-06, -0.301333, 0.95352, 0.0, 0.0, 0.0, 0.0, 1.0],
                [1.0, -0.0, 1e-06, -0.0, -0.0, 0.955998, 0.293371, 0.374726, -1e-06, -0.293371, 0.955999, 0.0, 0.0, 0.0, 0.0, 1.0],
                [1.0, -0.0, 1e-06, -0.0, -0.0, 0.952801, 0.303592, 0.374726, -1e-06, -0.303591, 0.952803, 0.0, 0.0, 0.0, 0.0, 1.0],
                [1.0, -0.0, 1e-06, -0.0, -0.0, 0.944519, 0.328454, 0.374726, -1e-06, -0.328453, 0.944521, 0.0, 0.0, 0.0, 0.0, 1.0],
                [1.0, -0.0, 1e-06, 0.0, -0.0, 0.933297, 0.359105, 0.374726, -1e-06, -0.359104, 0.933298, 0.0, 0.0, 0.0, 0.0, 1.0],
                [1.0, -0.0, 1e-06, 0.0, -0.0, 0.921085, 0.389361, 0.374726, -1e-06, -0.38936, 0.921086, 0.0, 0.0, 0.0, 0.0, 1.0],
                [1.0, -0.0, 1e-06, 0.0, -0.0, 0.90991, 0.414803, 0.374726, -1e-06, -0.414803, 0.909912, 0.0, 0.0, 0.0, 0.0, 1.0],
                [1.0, -0.0, 1e-06, -0.0, -0.0, 0.901758, 0.43224, 0.374726, -1e-06, -0.432239, 0.901759, -0.0, 0.0, 0.0, 0.0, 1.0],
                [1.0, -0.0, 1e-06, -0.0, -0.0, 0.898601, 0.438765, 0.374726, -1e-06, -0.438764, 0.898603, -0.0, 0.0, 0.0, 0.0, 1.0],
                [1.0, -1e-06, 1e-06, 0.0, -0.0, 0.595053, 0.803687, 0.374726, -1e-06, -0.803686, 0.595053, 0.0, 0.0, 0.0, 0.0, 1.0],
                [1.0, -0.0, 1e-06, -0.0, -0.0, 0.760909, 0.648858, 0.374726, -1e-06, -0.648857, 0.760911, 0.0, 0.0, 0.0, 0.0, 1.0],
                [1.0, -1e-06, 1e-06, -0.0, -0.0, 0.710612, 0.703584, 0.374726, -1e-06, -0.703583, 0.710613, 0.0, 0.0, 0.0, 0.0, 1.0],
                [1.0, -1e-06, 1e-06, 0.0, -0.0, 0.682641, 0.730754, 0.374726, -1e-06, -0.730754, 0.682641, 0.0, 0.0, 0.0, 0.0, 1.0],
                [1.0, -1e-06, 1e-06, 0.0, -0.0, 0.664033, 0.747703, 0.374726, -1e-06, -0.747702, 0.664034, 0.0, 0.0, 0.0, 0.0, 1.0],
                [1.0, -1e-06, 1e-06, -0.0, -0.0, 0.652666, 0.757646, 0.374726, -1e-06, -0.757645, 0.652667, 0.0, 0.0, 0.0, 0.0, 1.0],
                [1.0, -1e-06, 1e-06, 0.0, -0.0, 0.646776, 0.76268, 0.374726, -1e-06, -0.762679, 0.646777, 0.0, 0.0, 0.0, 0.0, 1.0],
                [1.0, -1e-06, 1e-06, 0.0, -0.0, 0.644814, 0.76434, 0.374726, -1e-06, -0.764339, 0.644814, -0.0, 0.0, 0.0, 0.0, 1.0],
                [1.0, -1e-06, 1e-06, 0.0, -0.0, 0.64534, 0.763895, 0.374726, -1e-06, -0.763895, 0.645341, 0.0, 0.0, 0.0, 0.0, 1.0],
                [1.0, -1e-06, 1e-06, -0.0, -0.0, 0.646977, 0.76251, 0.374726, -1e-06, -0.762509, 0.646978, 0.0, 0.0, 0.0, 0.0, 1.0],
                [1.0, -1e-06, 1e-06, 0.0, -0.0, 0.648398, 0.761302, 0.374726, -1e-06, -0.761301, 0.648399, -0.0, 0.0, 0.0, 0.0, 1.0],
                [1.0, -1e-06, 1e-06, 0.0, -0.0, 0.64836, 0.761335, 0.374726, -1e-06, -0.761334, 0.64836, 0.0, 0.0, 0.0, 0.0, 1.0],
                [1.0, -1e-06, 1e-06, -0.0, -0.0, 0.673812, 0.738903, 0.374726, -1e-06, -0.738902, 0.673813, -0.0, 0.0, 0.0, 0.0, 1.0],
                [1.0, -1e-06, 1e-06, -0.0, -0.0, 0.73472, 0.678371, 0.374726, -1e-06, -0.678371, 0.734721, -0.0, 0.0, 0.0, 0.0, 1.0],
                [1.0, -0.0, 1e-06, -0.0, -0.0, 0.803532, 0.595262, 0.374726, -1e-06, -0.595261, 0.803533, -0.0, 0.0, 0.0, 0.0, 1.0],
                [1.0, -0.0, 1e-06, 0.0, -0.0, 0.849854, 0.527018, 0.374726, -1e-06, -0.527017, 0.849856, 0.0, 0.0, 0.0, 0.0, 1.0],
                [1.0, -0.0, 1e-06, 0.0, -0.0, 0.851817, 0.52384, 0.374726, -1e-06, -0.523838, 0.851818, -0.0, 0.0, 0.0, 0.0, 1.0],
                [1.0, -0.0, 1e-06, -0.0, -0.0, 0.830656, 0.556785, 0.374726, -1e-06, -0.556785, 0.830657, 0.0, 0.0, 0.0, 0.0, 1.0],
                [1.0, -0.0, 1e-06, 0.0, -0.0, 0.817836, 0.575451, 0.374726, -1e-06, -0.575451, 0.817837, -0.0, 0.0, 0.0, 0.0, 1.0],
                [1.0, -0.0, 1e-06, -0.0, -0.0, 0.844014, 0.536322, 0.374726, -1e-06, -0.536321, 0.844015, -0.0, 0.0, 0.0, 0.0, 1.0],
                [1.0, -0.0, 1e-06, -0.0, -0.0, 0.995539, 0.094339, 0.374726, -1e-06, -0.094339, 0.995541, -0.0, 0.0, 0.0, 0.0, 1.0],
                [1.0, -0.0, 1e-06, -0.0, -0.0, 0.962752, 0.270385, 0.374726, -1e-06, -0.270384, 0.962753, -0.0, 0.0, 0.0, 0.0, 1.0],
                [1.0, -0.0, 1e-06, 0.0, -0.0, 0.896421, 0.443204, 0.374726, -1e-06, -0.443203, 0.896422, -0.0, 0.0, 0.0, 0.0, 1.0],
                [1.0, -0.0, 1e-06, 0.0, -0.0, 0.844014, 0.536322, 0.374726, -1e-06, -0.536321, 0.844015, -0.0, 0.0, 0.0, 0.0, 1.0],
                [1.0, -0.0, 1e-06, -0.0, -0.0, 0.823664, 0.567078, 0.374726, -1e-06, -0.567077, 0.823665, 0.0, 0.0, 0.0, 0.0, 1.0],
                [1.0, -0.0, 1e-06, -0.0, -0.0, 0.821014, 0.570909, 0.374726, -1e-06, -0.570908, 0.821015, 0.0, 0.0, 0.0, 0.0, 1.0],
                [1.0, -0.0, 1e-06, 0.0, -0.0, 0.833938, 0.551857, 0.374726, -1e-06, -0.551856, 0.833939, 0.0, 0.0, 0.0, 0.0, 1.0],
                [1.0, -0.0, 1e-06, -0.0, -0.0, 0.857715, 0.514125, 0.374726, -1e-06, -0.514124, 0.857717, 0.0, 0.0, 0.0, 0.0, 1.0],
                [1.0, -0.0, 1e-06, 0.0, -0.0, 0.884362, 0.466802, 0.374726, -1e-06, -0.466802, 0.884363, 0.0, 0.0, 0.0, 0.0, 1.0],
                [1.0, -0.0, 1e-06, 0.0, -0.0, 0.902709, 0.430251, 0.374726, -1e-06, -0.43025, 0.902711, -0.0, 0.0, 0.0, 0.0, 1.0],
                [1.0, -0.0, 1e-06, -0.0, -0.0, 0.9118, 0.410634, 0.374726, -1e-06, -0.410633, 0.911801, -0.0, 0.0, 0.0, 0.0, 1.0],
                [1.0, -0.0, 1e-06, 0.0, -0.0, 0.91803, 0.396509, 0.374726, -1e-06, -0.396509, 0.918032, 0.0, 0.0, 0.0, 0.0, 1.0],
                [1.0, -0.0, 1e-06, 0.0, -0.0, 0.920003, 0.391909, 0.374726, -1e-06, -0.391908, 0.920005, -0.0, 0.0, 0.0, 0.0, 1.0],
                [1.0, -0.0, 1e-06, 0.0, -0.0, 0.91718, 0.398471, 0.374726, -1e-06, -0.398471, 0.917182, -0.0, 0.0, 0.0, 0.0, 1.0],
                [1.0, -0.0, 1e-06, -0.0, -0.0, 0.909764, 0.415125, 0.374726, -1e-06, -0.415124, 0.909765, 0.0, 0.0, 0.0, 0.0, 1.0],
                [1.0, -0.0, 1e-06, 0.0, -0.0, 0.898601, 0.438765, 0.374726, -1e-06, -0.438764, 0.898603, -0.0, 0.0, 0.0, 0.0, 1.0],
                [1.0, -0.0, 1e-06, -0.0, -0.0, 0.887069, 0.461637, 0.374726, -1e-06, -0.461636, 0.88707, -0.0, 0.0, 0.0, 0.0, 1.0],
                [1.0, -0.0, 1e-06, 0.0, -0.0, 0.877555, 0.479475, 0.374726, -1e-06, -0.479475, 0.877556, -0.0, 0.0, 0.0, 0.0, 1.0],
                [1.0, -0.0, 1e-06, -0.0, -0.0, 0.869858, 0.493302, 0.374726, -1e-06, -0.493301, 0.869859, 0.0, 0.0, 0.0, 0.0, 1.0],
                [1.0, -0.0, 1e-06, -0.0, -0.0, 0.863779, 0.503871, 0.374726, -1e-06, -0.50387, 0.86378, 0.0, 0.0, 0.0, 0.0, 1.0],
                [1.0, -0.0, 1e-06, -0.0, -0.0, 0.859123, 0.511769, 0.374726, -1e-06, -0.511768, 0.859124, -0.0, 0.0, 0.0, 0.0, 1.0],
                [1.0, -0.0, 1e-06, 0.0, -0.0, 0.8557, 0.517472, 0.374726, -1e-06, -0.517472, 0.855701, 0.0, 0.0, 0.0, 0.0, 1.0],
                [1.0, -0.0, 1e-06, -0.0, -0.0, 0.853318, 0.52139, 0.374726, -1e-06, -0.521389, 0.853319, -0.0, 0.0, 0.0, 0.0, 1.0],
                [1.0, -0.0, 1e-06, -0.0, -0.0, 0.851791, 0.523881, 0.374726, -1e-06, -0.52388, 0.851792, 0.0, 0.0, 0.0, 0.0, 1.0],
                [1.0, -0.0, 1e-06, 0.0, -0.0, 0.850931, 0.525277, 0.374726, -1e-06, -0.525276, 0.850932, -0.0, 0.0, 0.0, 0.0, 1.0],
                [1.0, -0.0, 1e-06, 0.0, -0.0, 0.850551, 0.525891, 0.374726, -1e-06, -0.52589, 0.850553, -0.0, 0.0, 0.0, 0.0, 1.0],
                [1.0, -0.0, 1e-06, 0.0, -0.0, 0.850466, 0.526029, 0.374726, -1e-06, -0.526028, 0.850468, -0.0, 0.0, 0.0, 0.0, 1.0],
                [1.0, -0.0, 1e-06, 0.0, -0.0, 0.851212, 0.524822, 0.374726, -1e-06, -0.524821, 0.851213, 0.0, 0.0, 0.0, 0.0, 1.0],
                [1.0, -0.0, 1e-06, -0.0, -0.0, 0.85333, 0.52137, 0.374726, -1e-06, -0.521369, 0.853332, -0.0, 0.0, 0.0, 0.0, 1.0],
                [1.0, -0.0, 1e-06, -0.0, -0.0, 0.856646, 0.515904, 0.374726, -1e-06, -0.515903, 0.856647, 0.0, 0.0, 0.0, 0.0, 1.0],
                [1.0, -0.0, 1e-06, 0.0, -0.0, 0.860984, 0.508632, 0.374726, -1e-06, -0.508631, 0.860985, 0.0, 0.0, 0.0, 0.0, 1.0],
                [1.0, -0.0, 1e-06, -0.0, -0.0, 0.866168, 0.499753, 0.374726, -1e-06, -0.499752, 0.866169, 0.0, 0.0, 0.0, 0.0, 1.0],
                [1.0, -0.0, 1e-06, 0.0, -0.0, 0.872022, 0.489466, 0.374726, -1e-06, -0.489466, 0.872023, 0.0, 0.0, 0.0, 0.0, 1.0],
                [1.0, -0.0, 1e-06, 0.0, -0.0, 0.87837, 0.47798, 0.374726, -1e-06, -0.477979, 0.878372, 0.0, 0.0, 0.0, 0.0, 1.0],
                [1.0, -0.0, 1e-06, 0.0, -0.0, 0.885035, 0.465523, 0.374726, -1e-06, -0.465522, 0.885037, -0.0, 0.0, 0.0, 0.0, 1.0],
                [1.0, -0.0, 1e-06, 0.0, -0.0, 0.891839, 0.452352, 0.374726, -1e-06, -0.452351, 0.891841, -0.0, 0.0, 0.0, 0.0, 1.0],
                [1.0, -0.0, 1e-06, 0.0, -0.0, 0.898601, 0.438765, 0.374726, -1e-06, -0.438764, 0.898603, -0.0, 0.0, 0.0, 0.0, 1.0],
                [1.0, -0.0, 1e-06, 0.0, -0.0, 0.905167, 0.425055, 0.374726, -1e-06, -0.425054, 0.905169, 0.0, 0.0, 0.0, 0.0, 1.0],
                [1.0, -0.0, 1e-06, -0.0, -0.0, 0.911484, 0.411333, 0.374726, -1e-06, -0.411333, 0.911486, -0.0, 0.0, 0.0, 0.0, 1.0],
                [1.0, -0.0, 1e-06, -0.0, -0.0, 0.91753, 0.397666, 0.374726, -1e-06, -0.397665, 0.917531, -0.0, 0.0, 0.0, 0.0, 1.0],
                [1.0, -0.0, 1e-06, -0.0, -0.0, 0.92328, 0.384127, 0.374726, -1e-06, -0.384127, 0.923281, -0.0, 0.0, 0.0, 0.0, 1.0],
                [1.0, -0.0, 1e-06, 0.0, -0.0, 0.92871, 0.370807, 0.374726, -1e-06, -0.370806, 0.928711, 0.0, 0.0, 0.0, 0.0, 1.0],
                [1.0, -0.0, 1e-06, -0.0, -0.0, 0.933794, 0.35781, 0.374726, -1e-06, -0.35781, 0.933795, -0.0, 0.0, 0.0, 0.0, 1.0],
                [1.0, -0.0, 1e-06, 0.0, -0.0, 0.938503, 0.345271, 0.374726, -1e-06, -0.34527, 0.938504, -0.0, 0.0, 0.0, 0.0, 1.0],
                [1.0, -0.0, 1e-06, -0.0, -0.0, 0.942818, 0.333308, 0.374726, -1e-06, -0.333308, 0.942819, -0.0, 0.0, 0.0, 0.0, 1.0],
                [1.0, -0.0, 1e-06, -0.0, -0.0, 0.946714, 0.322074, 0.374726, -1e-06, -0.322073, 0.946715, -0.0, 0.0, 0.0, 0.0, 1.0],
                [1.0, -0.0, 1e-06, 0.0, -0.0, 0.950168, 0.311736, 0.374726, -1e-06, -0.311735, 0.95017, 0.0, 0.0, 0.0, 0.0, 1.0],
