{
    "animation": [
        {
            "name": "Root",
            "time": [0.0, 0.0167, 0.0333, 0.05, 0.0667, 0.0833, 0.1, 0.1167, 0.1333, 0.15, 0.1667, 0.1833, 0.2, 0.2167, 0.2333, 0.25, 0.2667, 0.2833, 0.3, 0.3167, 0.3333, 0.35, 0.3667, 0.3833, 0.4, 0.4167, 0.4333, 0.45, 0.4667, 0.4833, 0.5, 0.5167, 0.5333, 0.55, 0.5667, 0.5833, 0.6, 0.6167, 0.6333, 0.65, 0.6667, 0.6833, 0.7, 0.7167, 0.7333, 0.75, 0.7667, 0.7833, 0.8, 0.8167, 0.8333, 0.85, 0.8667, 0.8833, 0.9, 0.9167, 0.9333, 0.95, 0.9667, 0.9833, 1.0, 1.0167, 1.0333, 1.05, 1.0667, 1.0833, 1.1, 1.1167, 1.1333, 1.15, 1.1667, 1.1833, 1.2, 1.2167, 1.2333, 1.25, 1.2667, 1.2833, 1.3, 1.3167, 1.3333, 1.35, 1.3667, 1.3833, 1.4, 1.4167, 1.4333, 1.45, 1.4667, 1.4833, 1.5, 1.5167, 1.5333, 1.55, 1.5667, 1.5833, 1.6, 1.6167, 1.6333, 1.65, 1.6667, 1.6833, 1.7, 1.7167, 1.7333, 1.75, 1.7667, 1.7833, 1.8, 1.8167, 1.8333, 1.85, 1.8667, 1.8833, 1.9, 1.9167, 1.9333, 1.95, 1.9667, 1.9833, 2.0, 2.0167, 2.0333, 2.05, 2.0667, 2.0833, 2.1, 2.1167, 2.1333, 2.15, 2.1667, 2.1833, 2.2, 2.2167, 2.2333, 2.25, 2.2667, 2.2833, 2.3, 2.3167, 2.3333, 2.35, 2.3667, 2.3833, 2.4, 2.4167, 2.4333, 2.45, 2.4667, 2.4833, 2.5, 2.5167, 2.5333, 2.55, 2.5667, 2.5833, 2.6, 2.6167, 2.6333, 2.65, 2.6667, 2.6833, 2.7, 2.7167, 2.7333, 2.75, 2.7667, 2.7833, 2.8, 2.8167, 2.8333, 2.85, 2.8667, 2.8833, 2.9, 2.9167, 2.9333, 2.95, 2.9667, 2.9833, 3.0, 3.0167, 3.0333, 3.05, 3.0667, 3.0833, 3.1, 3.1167, 3.1333, 3.15, 3.1667, 3.1833, 3.2, 3.2167, 3.2333, 3.25, 3.2667, 3.2833, 3.3, 3.3167, 3.3333, 3.35, 3.3667, 3.3833, 3.4, 3.4167, 3.4333, 3.45, 3.4667, 3.4833, 3.5, 3.5167, 3.5333, 3.55, 3.5667, 3.5833, 3.6, 3.6167, 3.6333, 3.65, 3.6667, 3.6833, 3.7, 3.7167, 3.7333, 3.75, 3.7667, 3.7833, 3.8, 3.8167, 3.8333, 3.85, 3.8667, 3.8833, 3.9, 3.9167, 3.9333, 3.95, 3.9667, 3.9833, 4.0, 4.0167, 4.0333, 4.05, 4.0667, 4.0833, 4.1, 4.1167, 4.1333, 4.15, 4.1667, 4.1833, 4.2, 4.2167],
            "transform": [
                [0.903931, 0.090115, -0.418076, 0.00013, -0.373814, 0.641395, -0.669981, 0.001825, 0.207777, 0.7619, 0.613464, 0.26876, 0.0, 0.0, 0.0, 1.0],
                [0.904229, 0.07593, -0.420243, 0.00013, -0.366638, 0.642607, -0.672781, 0.001825, 0.218967, 0.762425, 0.608902, 0.26876, 0.0, 0.0, 0.0, 1.0],
                [0.906766, 0.061302, -0.417153, 0.00013, -0.356264, 0.64054, -0.680283, 0.001825, 0.225501, 0.765474, 0.60266, 0.26876, 0.0, 0.0, 0.0, 1.0],
                [0.911155, 0.046439, -0.409438, 0.00013, -0.343165, 0.635571, -0.691584, 0.001825, 0.22811, 0.770645, 0.59504, 0.26876, 0.0, 0.0, 0.0, 1.0],
                [0.916959, 0.03159, -0.397729, 0.00013, -0.327756, 0.628085, -0.705752, 0.001825, 0.227513, 0.777504, 0.586281, 0.26876, 0.0, 0.0, 0.0, 1.0],
                [0.923722, 0.017016, -0.382686, 0.00013, -0.31045, 0.618497, -0.721861, 0.001825, 0.224407, 0.785603, 0.576601, 0.26876, 0.0, 0.0, 0.0, 1.0],
                [0.930999, 0.002972, -0.365009, 0.00013, -0.291679, 0.607269, -0.739018, 0.001825, 0.219462, 0.794491, 0.566234, 0.26876, 0.0, 0.0, 0.0, 1.0],
                [0.938379, -0.01032, -0.345455, 0.00013, -0.271916, 0.594921, -0.756393, 0.001825, 0.213325, 0.803718, 0.555455, 0.26876, 0.0, 0.0, 0.0, 1.0],
                [0.945498, -0.022683, -0.324837, 0.00013, -0.251691, 0.582028, -0.773237, 0.001825, 0.206604, 0.812852, 0.544597, 0.26876, 0.0, 0.0, 0.0, 1.0],
                [0.95206, -0.034, -0.304016, 0.00013, -0.231586, 0.569219, -0.788897, 0.001825, 0.199874, 0.821483, 0.534057, 0.26876, 0.0, 0.0, 0.0, 1.0],
                [0.957836, -0.044215, -0.283893, 0.00013, -0.212229, 0.557167, -0.802823, 0.001825, 0.193672, 0.829223, 0.524291, 0.26876, 0.0, 0.0, 0.0, 1.0],
                [0.962664, -0.053327, -0.265396, 0.00013, -0.194288, 0.546575, -0.81456, 0.001825, 0.188497, 0.835711, 0.515807, 0.26876, 0.0, 0.0, 0.0, 1.0],
                [0.966436, -0.061386, -0.249465, 0.00013, -0.178447, 0.538163, -0.823734, 0.001825, 0.184818, 0.840602, 0.509146, 0.26876, 0.0, 0.0, 0.0, 1.0],
                [0.969084, -0.068463, -0.237043, 0.00013, -0.165395, 0.532658, -0.830012, 0.001825, 0.183088, 0.843557, 0.504867, 0.26876, 0.0, 0.0, 0.0, 1.0],
                [0.970544, -0.07463, -0.229071, 0.00013, -0.155809, 0.530774, -0.833068, 0.001825, 0.183757, 0.844221, 0.503512, 0.26876, 0.0, 0.0, 0.0, 1.0],
                [0.970957, -0.080104, -0.225444, 0.000149, -0.149585, 0.532155, -0.833328, 0.001825, 0.186724, 0.842849, 0.504717, 0.273282, 0.0, 0.0, 0.0, 1.0],
                [0.971174, -0.085522, -0.222501, 0.000199, -0.143592, 0.535168, -0.832452, 0.001825, 0.190269, 0.840406, 0.507461, 0.285079, 0.0, 0.0, 0.0, 1.0],
                [0.972129, -0.091589, -0.215815, 0.000268, -0.133936, 0.538566, -0.83187, 0.001825, 0.192421, 0.837591, 0.511289, 0.301497, 0.0, 0.0, 0.0, 1.0],
                [0.974591, -0.09904, -0.200909, 0.000343, -0.116707, 0.541052, -0.832852, 0.001825, 0.191187, 0.835137, 0.515745, 0.319882, 0.0, 0.0, 0.0, 1.0],
                [0.978886, -0.108591, -0.173174, 0.000413, -0.087903, 0.541229, -0.836268, 0.001825, 0.184538, 0.833834, 0.520257, 0.33758, 0.0, 0.0, 0.0, 1.0],
                [0.984831, -0.117879, -0.127325, 0.000468, -0.046652, 0.526895, -0.848649, 0.002155, 0.167125, 0.841716, 0.513404, 0.352443, 0.0, 0.0, 0.0, 1.0],
                [0.990461, -0.12283, -0.062453, 0.000508, 0.005689, 0.489289, -0.872103, 0.003062, 0.137678, 0.863429, 0.485321, 0.364357, 0.0, 0.0, 0.0, 1.0],
                [0.992471, -0.120982, 0.019085, 0.000537, 0.069927, 0.431787, -0.899261, 0.004415, 0.100554, 0.893825, 0.436996, 0.373714, 0.0, 0.0, 0.0, 1.0],
                [0.987422, -0.109891, 0.113672, 0.000556, 0.14604, 0.358462, -0.922051, 0.006089, 0.060578, 0.927054, 0.370002, 0.380906, 0.0, 0.0, 0.0, 1.0],
                [0.972355, -0.088128, 0.216236, 0.00057, 0.232393, 0.27494, -0.932953, 0.007955, 0.022767, 0.957414, 0.28782, 0.386324, 0.0, 0.0, 0.0, 1.0],
                [0.945505, -0.056151, 0.320729, 0.000581, 0.325499, 0.188427, -0.926577, 0.009884, -0.008406, 0.98048, 0.196436, 0.390362, 0.0, 0.0, 0.0, 1.0],
                [0.906787, -0.016729, 0.421256, 0.000593, 0.420524, 0.106857, -0.900967, 0.01175, -0.029941, 0.994134, 0.103932, 0.393411, 0.0, 0.0, 0.0, 1.0],
                [0.857796, 0.025317, 0.513366, 0.000607, 0.512353, 0.037542, -0.857954, 0.013424, -0.040994, 0.998974, 0.019231, 0.395863, 0.0, 0.0, 0.0, 1.0],
                [0.80128, 0.063891, 0.594868, 0.000627, 0.596745, -0.013952, -0.80231, 0.014778, -0.042961, 0.997859, -0.049306, 0.398111, 0.0, 0.0, 0.0, 1.0],
                [0.740396, 0.092439, 0.665784, 0.000656, 0.671037, -0.044165, -0.740107, 0.015684, -0.03901, 0.994738, -0.094729, 0.400546, 0.0, 0.0, 0.0, 1.0],
                [0.678127, 0.104402, 0.727491, 0.000697, 0.734187, -0.051297, -0.677007, 0.016014, -0.033363, 0.993211, -0.111436, 0.403561, 0.0, 0.0, 0.0, 1.0],
                [0.616572, 0.102131, 0.780646, 0.000752, 0.786718, -0.041835, -0.615894, 0.016014, -0.030244, 0.993891, -0.106143, 0.407472, 0.0, 0.0, 0.0, 1.0],
                [0.556834, 0.09278, 0.825426, 0.000818, 0.830041, -0.024939, -0.557145, 0.016014, -0.031106, 0.995374, -0.090898, 0.41229, 0.0, 0.0, 0.0, 1.0],
                [0.500121, 0.077311, 0.862498, 0.00089, 0.865208, -0.003206, -0.501404, 0.016014, -0.035999, 0.997002, -0.068493, 0.417949, 0.0, 0.0, 0.0, 1.0],
                [0.447644, 0.057079, 0.892389, 0.000966, 0.893105, 0.021107, -0.449353, 0.016014, -0.044484, 0.998147, -0.041529, 0.424384, 0.0, 0.0, 0.0, 1.0],
                [0.400605, 0.033796, 0.915627, 0.001041, 0.914556, 0.046008, -0.401835, 0.016014, -0.055707, 0.998369, -0.012477, 0.431531, 0.0, 0.0, 0.0, 1.0],
                [0.360143, 0.009481, 0.932849, 0.001111, 0.930382, 0.06973, -0.359899, 0.016014, -0.06846, 0.997521, 0.016292, 0.439323, 0.0, 0.0, 0.0, 1.0],
                [0.32728, -0.013612, 0.944829, 0.001172, 0.941427, 0.090689, -0.324795, 0.016014, -0.081265, 0.995786, 0.042495, 0.447696, 0.0, 0.0, 0.0, 1.0],
                [0.30289, -0.033086, 0.952451, 0.001221, 0.948528, 0.107439, -0.297911, 0.016014, -0.092474, 0.993661, 0.063926, 0.456584, 0.0, 0.0, 0.0, 1.0],
                [0.287703, -0.046505, 0.95659, 0.001253, 0.952445, 0.118586, -0.280691, 0.016014, -0.100385, 0.991854, 0.078411, 0.465922, 0.0, 0.0, 0.0, 1.0],
                [0.282337, -0.051496, 0.957933, 0.001265, 0.95373, 0.122668, -0.274504, 0.016014, -0.103371, 0.991111, 0.083747, 0.475645, 0.0, 0.0, 0.0, 1.0],
                [0.28201, -0.04614, 0.958301, 0.000597, 0.9538, 0.121352, -0.274843, 0.018, -0.10361, 0.991537, 0.078231, 0.485675, 0.0, 0.0, 0.0, 1.0],
                [0.281563, -0.031421, 0.959028, -0.001215, 0.953881, 0.117582, -0.276199, 0.0235, -0.104086, 0.992566, 0.063078, 0.495883, 0.0, 0.0, 0.0, 1.0],
                [0.281002, -0.009443, 0.959661, -0.003884, 0.953998, 0.11166, -0.278245, 0.031832, -0.104528, 0.993702, 0.040385, 0.506128, 0.0, 0.0, 0.0, 1.0],
                [0.280347, 0.017669, 0.959736, -0.007126, 0.954176, 0.10389, -0.280636, 0.042313, -0.104665, 0.994432, 0.012266, 0.516268, 0.0, 0.0, 0.0, 1.0],
                [0.279639, 0.047756, 0.958917, -0.010655, 0.954431, 0.094597, -0.283042, 0.054259, -0.104227, 0.994369, -0.019127, 0.526162, 0.0, 0.0, 0.0, 1.0],
                [0.278933, 0.078634, 0.957086, -0.014183, 0.954777, 0.084135, -0.285172, 0.066987, -0.102948, 0.993347, -0.05161, 0.535667, 0.0, 0.0, 0.0, 1.0],
                [0.278303, 0.108123, 0.954388, -0.017425, 0.955214, 0.072883, -0.286801, 0.079813, -0.100569, 0.991462, -0.082997, 0.544644, 0.0, 0.0, 0.0, 1.0],
                [0.277822, 0.134075, 0.95123, -0.020095, 0.955739, 0.061239, -0.287771, 0.092055, -0.096835, 0.989077, -0.111127, 0.552949, 0.0, 0.0, 0.0, 1.0],
                [0.277552, 0.154392, 0.948224, -0.021906, 0.956344, 0.049602, -0.288005, 0.103028, -0.091499, 0.986764, -0.133885, 0.560442, 0.0, 0.0, 0.0, 1.0],
                [0.277518, 0.167018, 0.946092, -0.022574, 0.957015, 0.038362, -0.287494, 0.11205, -0.08431, 0.985207, -0.149192, 0.566981, 0.0, 0.0, 0.0, 1.0],
                [0.268267, 0.172736, 0.947731, -0.022488, 0.960296, 0.030261, -0.277339, 0.118714, -0.076586, 0.984503, -0.15776, 0.572486, 0.0, 0.0, 0.0, 1.0],
                [0.247795, 0.17432, 0.953001, -0.022255, 0.966325, 0.025977, -0.256011, 0.123716, -0.069384, 0.984346, -0.162012, 0.577125, 0.0, 0.0, 0.0, 1.0],
                [0.227388, 0.172604, 0.958385, -0.021912, 0.971814, 0.022671, -0.234657, 0.128032, -0.06223, 0.98473, -0.162584, 0.581126, 0.0, 0.0, 0.0, 1.0],
                [0.218553, 0.168412, 0.961183, -0.021495, 0.974292, 0.017534, -0.224606, 0.132634, -0.054679, 0.985561, -0.160251, 0.584718, 0.0, 0.0, 0.0, 1.0],
                [0.219508, 0.162403, 0.961999, -0.021041, 0.974547, 0.009529, -0.22398, 0.138231, -0.045541, 0.986678, -0.156177, 0.58807, 0.0, 0.0, 0.0, 1.0],
                [0.22078, 0.15533, 0.962876, -0.020588, 0.974699, 0.000215, -0.223526, 0.144472, -0.034927, 0.987863, -0.151353, 0.591109, 0.0, 0.0, 0.0, 1.0],
                [0.22246, 0.148128, 0.963624, -0.020171, 0.974641, -0.0092, -0.223589, 0.150741, -0.024254, 0.988925, -0.146418, 0.593704, 0.0, 0.0, 0.0, 1.0],
                [0.224673, 0.141738, 0.964071, -0.019828, 0.97432, -0.017501, -0.224489, 0.156419, -0.014947, 0.989749, -0.14203, 0.595721, 0.0, 0.0, 0.0, 1.0],
                [0.227579, 0.137108, 0.964058, -0.019595, 0.973723, -0.023468, -0.226523, 0.160892, -0.008434, 0.990278, -0.138846, 0.597029, 0.0, 0.0, 0.0, 1.0],
                [0.231347, 0.135196, 0.963432, -0.019509, 0.972852, -0.025897, -0.229975, 0.163542, -0.006142, 0.99048, -0.137517, 0.597494, 0.0, 0.0, 0.0, 1.0],
                [0.238216, 0.136052, 0.961636, -0.020122, 0.971177, -0.024893, -0.237057, 0.164814, -0.008315, 0.990389, -0.138061, 0.596944, 0.0, 0.0, 0.0, 1.0],
                [0.249504, 0.138858, 0.958367, -0.021849, 0.968277, -0.021746, -0.248933, 0.165643, -0.013726, 0.990074, -0.139878, 0.595494, 0.0, 0.0, 0.0, 1.0],
                [0.263988, 0.143277, 0.953825, -0.024519, 0.964284, -0.017048, -0.264322, 0.166141, -0.02161, 0.989536, -0.14266, 0.593443, 0.0, 0.0, 0.0, 1.0],
                [0.280446, 0.148968, 0.94824, -0.027963, 0.959363, -0.011388, -0.281946, 0.166421, -0.031203, 0.988776, -0.146108, 0.591092, 0.0, 0.0, 0.0, 1.0],
                [0.297674, 0.155566, 0.941907, -0.03201, 0.953755, -0.005338, -0.300537, 0.166596, -0.041725, 0.987811, -0.149961, 0.588741, 0.0, 0.0, 0.0, 1.0],
                [0.314504, 0.162671, 0.935214, -0.036491, 0.94781, 0.000552, -0.318835, 0.16678, -0.052382, 0.98668, -0.154008, 0.58669, 0.0, 0.0, 0.0, 1.0],
                [0.329802, 0.169852, 0.928645, -0.041235, 0.941988, 0.005766, -0.335596, 0.167087, -0.062356, 0.985453, -0.158097, 0.58524, 0.0, 0.0, 0.0, 1.0],
                [0.342486, 0.176647, 0.922767, -0.046072, 0.936851, 0.009819, -0.349592, 0.167628, -0.070816, 0.984225, -0.162129, 0.58469, 0.0, 0.0, 0.0, 1.0],
                [0.351793, 0.182772, 0.918061, -0.050849, 0.932903, 0.012254, -0.359919, 0.16848, -0.077034, 0.983079, -0.166198, 0.584953, 0.0, 0.0, 0.0, 1.0],
                [0.358099, 0.18824, 0.914512, -0.055474, 0.930142, 0.013306, -0.366958, 0.169563, -0.081245, 0.982033, -0.170325, 0.585647, 0.0, 0.0, 0.0, 1.0],
                [0.362031, 0.193038, 0.91196, -0.059874, 0.92837, 0.013542, -0.371412, 0.170763, -0.084047, 0.981098, -0.174308, 0.586632, 0.0, 0.0, 0.0, 1.0],
                [0.364193, 0.197168, 0.910213, -0.063972, 0.92734, 0.013519, -0.373975, 0.171963, -0.086041, 0.980277, -0.177918, 0.587767, 0.0, 0.0, 0.0, 1.0],
                [0.365177, 0.200637, 0.90906, -0.067695, 0.926785, 0.013782, -0.375339, 0.173047, -0.087835, 0.979569, -0.180915, 0.58891, 0.0, 0.0, 0.0, 1.0],
                [0.365565, 0.203454, 0.908278, -0.070968, 0.926421, 0.014865, -0.376197, 0.173899, -0.09004, 0.978972, -0.18305, 0.589921, 0.0, 0.0, 0.0, 1.0],
                [0.365994, 0.204863, 0.907788, -0.073735, 0.925859, 0.018359, -0.377422, 0.174471, -0.093986, 0.978619, -0.182955, 0.590724, 0.0, 0.0, 0.0, 1.0],
                [0.36756, 0.204572, 0.907221, -0.076013, 0.924582, 0.024771, -0.380179, 0.174993, -0.100247, 0.978538, -0.180039, 0.591513, 0.0, 0.0, 0.0, 1.0],
                [0.37152, 0.203304, 0.905893, -0.077839, 0.922089, 0.033009, -0.38557, 0.175764, -0.10829, 0.978559, -0.175201, 0.592548, 0.0, 0.0, 0.0, 1.0],
                [0.37911, 0.201806, 0.903078, -0.079252, 0.917853, 0.041988, -0.394695, 0.177081, -0.11757, 0.978525, -0.16931, 0.594088, 0.0, 0.0, 0.0, 1.0],
                [0.391525, 0.200841, 0.897982, -0.080286, 0.911287, 0.050624, -0.408648, 0.179243, -0.127533, 0.978315, -0.163203, 0.596394, 0.0, 0.0, 0.0, 1.0],
                [0.409883, 0.20117, 0.889678, -0.080979, 0.901695, 0.05781, -0.428491, 0.182548, -0.137632, 0.977849, -0.157698, 0.599726, 0.0, 0.0, 0.0, 1.0],
                [0.435201, 0.203507, 0.877032, -0.081368, 0.888193, 0.062387, -0.455216, 0.187295, -0.147355, 0.977084, -0.153602, 0.604342, 0.0, 0.0, 0.0, 1.0],
                [0.468325, 0.208463, 0.858612, -0.081489, 0.86963, 0.063103, -0.489655, 0.193783, -0.156256, 0.975992, -0.151733, 0.610503, 0.0, 0.0, 0.0, 1.0],
                [0.513819, 0.219502, 0.829342, -0.080012, 0.842497, 0.053248, -0.536062, 0.205349, -0.161828, 0.974158, -0.15757, 0.618344, 0.0, 0.0, 0.0, 1.0],
                [0.571066, 0.236263, 0.78617, -0.075566, 0.804386, 0.030096, -0.593344, 0.223994, -0.163846, 0.971223, -0.17286, 0.627494, 0.0, 0.0, 0.0, 1.0],
                [0.632951, 0.253721, 0.731436, -0.068127, 0.756394, -0.001251, -0.654115, 0.248001, -0.165047, 0.967277, -0.192705, 0.637457, 0.0, 0.0, 0.0, 1.0],
                [0.692755, 0.267777, 0.669616, -0.057674, 0.701485, -0.034727, -0.711838, 0.275655, -0.16736, 0.962855, -0.211899, 0.647739, 0.0, 0.0, 0.0, 1.0],
                [0.744917, 0.275837, 0.607465, -0.044183, 0.644704, -0.063384, -0.7618, 0.305242, -0.171629, 0.959112, -0.225049, 0.657845, 0.0, 0.0, 0.0, 1.0],
                [0.785607, 0.276869, 0.553322, -0.027632, 0.592657, -0.079879, -0.801484, 0.335047, -0.177708, 0.957582, -0.226842, 0.667277, 0.0, 0.0, 0.0, 1.0],
                [0.813609, 0.273847, 0.512882, -0.008208, 0.551573, -0.084576, -0.829828, 0.363769, -0.183868, 0.958047, -0.219859, 0.675627, 0.0, 0.0, 0.0, 1.0],
                [0.832316, 0.270261, 0.483952, 0.013058, 0.521059, -0.083668, -0.84941, 0.39177, -0.189071, 0.959145, -0.21046, 0.682821, 0.0, 0.0, 0.0, 1.0],
                [0.845401, 0.266443, 0.462931, 0.034927, 0.497745, -0.078567, -0.863758, 0.419827, -0.193771, 0.960643, -0.199041, 0.688873, 0.0, 0.0, 0.0, 1.0],
                [0.855803, 0.262539, 0.445729, 0.056158, 0.477741, -0.070648, -0.875655, 0.448717, -0.198404, 0.962332, -0.185886, 0.693796, 0.0, 0.0, 0.0, 1.0],
                [0.865976, 0.258647, 0.428004, 0.075512, 0.456886, -0.061224, -0.887416, 0.479216, -0.203323, 0.96403, -0.171191, 0.697603, 0.0, 0.0, 0.0, 1.0],
                [0.877967, 0.254891, 0.405221, 0.091747, 0.430806, -0.051555, -0.900971, 0.512103, -0.208758, 0.965595, -0.155072, 0.700305, 0.0, 0.0, 0.0, 1.0],
                [0.893295, 0.251425, 0.372572, 0.103623, 0.394836, -0.042861, -0.917751, 0.548152, -0.214777, 0.966927, -0.137559, 0.701918, 0.0, 0.0, 0.0, 1.0],
                [0.912573, 0.248386, 0.324832, 0.109901, 0.343886, -0.036353, -0.938307, 0.588141, -0.221253, 0.967979, -0.118591, 0.702452, 0.0, 0.0, 0.0, 1.0],
                [0.934343, 0.245265, 0.258549, 0.112483, 0.274442, -0.032386, -0.961058, 0.632497, -0.22734, 0.968915, -0.097571, 0.69884, 0.0, 0.0, 0.0, 1.0],
                [0.953856, 0.240814, 0.179353, 0.114214, 0.191431, -0.027538, -0.98112, 0.680245, -0.231328, 0.970181, -0.072367, 0.688705, 0.0, 0.0, 0.0, 1.0],
                [0.967365, 0.234456, 0.096102, 0.115264, 0.102983, -0.017254, -0.994534, 0.730057, -0.231516, 0.971973, -0.040835, 0.673103, 0.0, 0.0, 0.0, 1.0],
                [0.973902, 0.226227, 0.018332, 0.115804, 0.018115, 0.003034, -0.999831, 0.78061, -0.226245, 0.97407, -0.001143, 0.653087, 0.0, 0.0, 0.0, 1.0],
                [0.975293, 0.216378, -0.044545, 0.116002, -0.053943, 0.037719, -0.997831, 0.830577, -0.214229, 0.975581, 0.048459, 0.629713, 0.0, 0.0, 0.0, 1.0],
                [0.975253, 0.204585, -0.083828, 0.116031, -0.104199, 0.090902, -0.990394, 0.878632, -0.194999, 0.974619, 0.10997, 0.604033, 0.0, 0.0, 0.0, 1.0],
                [0.977009, 0.189199, -0.098273, 0.116031, -0.130109, 0.163967, -0.977848, 0.922969, -0.168894, 0.968152, 0.184813, 0.577036, 0.0, 0.0, 0.0, 1.0],
                [0.978824, 0.170131, -0.113841, 0.116031, -0.154529, 0.249364, -0.956001, 0.959855, -0.134258, 0.953348, 0.270373, 0.549439, 0.0, 0.0, 0.0, 1.0],
                [0.974882, 0.152166, -0.162636, 0.116031, -0.206009, 0.338539, -0.918124, 0.985076, -0.084649, 0.928567, 0.361383, 0.521896, 0.0, 0.0, 0.0, 1.0],
                [0.950541, 0.145748, -0.27428, 0.116031, -0.310502, 0.423725, -0.850909, 0.99442, -0.007799, 0.893988, 0.448023, 0.495056, 0.0, 0.0, 0.0, 1.0],
                [0.783908, 0.210249, -0.584194, 0.055072, -0.603351, 0.479942, -0.636885, 0.930362, 0.146475, 0.851734, 0.503084, 0.471427, 0.0, 0.0, 0.0, 1.0],
                [0.532824, 0.287614, -0.795849, -0.042666, -0.803126, 0.468189, -0.368496, 0.865691, 0.266623, 0.83551, 0.480453, 0.460933, 0.0, 0.0, 0.0, 1.0],
                [0.473638, 0.334092, -0.814892, -0.085576, -0.850389, 0.414213, -0.32445, 0.865032, 0.229143, 0.846647, 0.480295, 0.468679, 0.0, 0.0, 0.0, 1.0],
                [0.453442, 0.373314, -0.809338, -0.091706, -0.878075, 0.34287, -0.333802, 0.864874, 0.152884, 0.862019, 0.483269, 0.47653, 0.0, 0.0, 0.0, 1.0],
                [0.438612, 0.383095, -0.812932, -0.091707, -0.892318, 0.29307, -0.343335, 0.864435, 0.106716, 0.875984, 0.470387, 0.47672, 0.0, 0.0, 0.0, 1.0],
                [0.420581, 0.390739, -0.818801, -0.091712, -0.904496, 0.250921, -0.344857, 0.863597, 0.070705, 0.885642, 0.458954, 0.476871, 0.0, 0.0, 0.0, 1.0],
                [0.400559, 0.396361, -0.826106, -0.091727, -0.915224, 0.216164, -0.340056, 0.862406, 0.043789, 0.892285, 0.449345, 0.476989, 0.0, 0.0, 0.0, 1.0],
                [0.379688, 0.400223, -0.834062, -0.091756, -0.924784, 0.188301, -0.330631, 0.860908, 0.024728, 0.896863, 0.441616, 0.477078, 0.0, 0.0, 0.0, 1.0],
                [0.359066, 0.402669, -0.84198, -0.091803, -0.933233, 0.166678, -0.318269, 0.859152, 0.012183, 0.900042, 0.435632, 0.477141, 0.0, 0.0, 0.0, 1.0],
                [0.339764, 0.404062, -0.849291, -0.091875, -0.940499, 0.150543, -0.30463, 0.857183, 0.004765, 0.902259, 0.431169, 0.477184, 0.0, 0.0, 0.0, 1.0],
                [0.322841, 0.404753, -0.85554, -0.091974, -0.946453, 0.139077, -0.29135, 0.855048, 0.001061, 0.903788, 0.42798, 0.47721, 0.0, 0.0, 0.0, 1.0],
                [0.309346, 0.405056, -0.860369, -0.092106, -0.95095, 0.131428, -0.280039, 0.852795, -0.000355, 0.904796, 0.425844, 0.477223, 0.0, 0.0, 0.0, 1.0],
                [0.300327, 0.405231, -0.863477, -0.092275, -0.953836, 0.126723, -0.272284, 0.850469, -0.000916, 0.905389, 0.424582, 0.477228, 0.0, 0.0, 0.0, 1.0],
                [0.29682, 0.405491, -0.864567, -0.092486, -0.954931, 0.124085, -0.269646, 0.848119, -0.002059, 0.905638, 0.424047, 0.477229, 0.0, 0.0, 0.0, 1.0],
                [0.296545, 0.406017, -0.864414, -0.093075, -0.95501, 0.122048, -0.270298, 0.845783, -0.004246, 0.905679, 0.423942, 0.477215, 0.0, 0.0, 0.0, 1.0],
                [0.296502, 0.406767, -0.864076, -0.094255, -0.955007, 0.119743, -0.271335, 0.843477, -0.006903, 0.90565, 0.42397, 0.477174, 0.0, 0.0, 0.0, 1.0],
                [0.296634, 0.407589, -0.863644, -0.095849, -0.95494, 0.117195, -0.272682, 0.841207, -0.009927, 0.905614, 0.423987, 0.47711, 0.0, 0.0, 0.0, 1.0],
                [0.296888, 0.408328, -0.863207, -0.097682, -0.954821, 0.114429, -0.274268, 0.838983, -0.013216, 0.905634, 0.423853, 0.477025, 0.0, 0.0, 0.0, 1.0],
                [0.297211, 0.408833, -0.862857, -0.099578, -0.954667, 0.111469, -0.276019, 0.836811, -0.016664, 0.905776, 0.423429, 0.476922, 0.0, 0.0, 0.0, 1.0],
                [0.297551, 0.408947, -0.862685, -0.101359, -0.954493, 0.108337, -0.277861, 0.834699, -0.02017, 0.906104, 0.422573, 0.476803, 0.0, 0.0, 0.0, 1.0],
                [0.297859, 0.408517, -0.862783, -0.102849, -0.954318, 0.105054, -0.279718, 0.832656, -0.02363, 0.906685, 0.421147, 0.47667, 0.0, 0.0, 0.0, 1.0],
                [0.298086, 0.407387, -0.863238, -0.103873, -0.954159, 0.101644, -0.281514, 0.830688, -0.026942, 0.907581, 0.419011, 0.476528, 0.0, 0.0, 0.0, 1.0],
                [0.298184, 0.405399, -0.86414, -0.104253, -0.954037, 0.098125, -0.28317, 0.828803, -0.030003, 0.908858, 0.416025, 0.476377, 0.0, 0.0, 0.0, 1.0],
                [0.298155, 0.402493, -0.865507, -0.104223, -0.953954, 0.094503, -0.284677, 0.82701, -0.032788, 0.910532, 0.412137, 0.476221, 0.0, 0.0, 0.0, 1.0],
                [0.298071, 0.398811, -0.867239, -0.104121, -0.95389, 0.090819, -0.286088, 0.825316, -0.035333, 0.912525, 0.407493, 0.476062, 0.0, 0.0, 0.0, 1.0],
                [0.297979, 0.394494, -0.869243, -0.103927, -0.953831, 0.087153, -0.287422, 0.823728, -0.037629, 0.914756, 0.40225, 0.475904, 0.0, 0.0, 0.0, 1.0],
                [0.29793, 0.389682, -0.871427, -0.103623, -0.953763, 0.083584, -0.288703, 0.822255, -0.039665, 0.917149, 0.396566, 0.475748, 0.0, 0.0, 0.0, 1.0],
                [0.297971, 0.384522, -0.873702, -0.103187, -0.953676, 0.080193, -0.289952, 0.820905, -0.041429, 0.919626, 0.390605, 0.475597, 0.0, 0.0, 0.0, 1.0],
                [0.298151, 0.379162, -0.875981, -0.102603, -0.953554, 0.077062, -0.291198, 0.819684, -0.042906, 0.922116, 0.384527, 0.475454, 0.0, 0.0, 0.0, 1.0],
                [0.298514, 0.373752, -0.87818, -0.101849, -0.953387, 0.074274, -0.292468, 0.8186, -0.044085, 0.92455, 0.378502, 0.475322, 0.0, 0.0, 0.0, 1.0],
                [0.299106, 0.368447, -0.880217, -0.100907, -0.953161, 0.071911, -0.293792, 0.817663, -0.04495, 0.926863, 0.372698, 0.475202, 0.0, 0.0, 0.0, 1.0],
                [0.299973, 0.363402, -0.882018, -0.099757, -0.952863, 0.070056, -0.295203, 0.816878, -0.045487, 0.928995, 0.367287, 0.475099, 0.0, 0.0, 0.0, 1.0],
                [0.301157, 0.358775, -0.883508, -0.098381, -0.95248, 0.068792, -0.296732, 0.816254, -0.045682, 0.930886, 0.362443, 0.475014, 0.0, 0.0, 0.0, 1.0],
                [0.302702, 0.354723, -0.884615, -0.096758, -0.951998, 0.068202, -0.298412, 0.815799, -0.045521, 0.932481, 0.35834, 0.47495, 0.0, 0.0, 0.0, 1.0],
                [0.304654, 0.351403, -0.885269, -0.094869, -0.9514, 0.068367, -0.300274, 0.81552, -0.044994, 0.933725, 0.355153, 0.47491, 0.0, 0.0, 0.0, 1.0],
                [0.307053, 0.34897, -0.885403, -0.092696, -0.950671, 0.06937, -0.302346, 0.815426, -0.044089, 0.934563, 0.353056, 0.474896, 0.0, 0.0, 0.0, 1.0],
                [0.311692, 0.347709, -0.884277, -0.090226, -0.949213, 0.071901, -0.306309, 0.815791, -0.042926, 0.934841, 0.352461, 0.474905, 0.0, 0.0, 0.0, 1.0],
                [0.320192, 0.347595, -0.88128, -0.087477, -0.946435, 0.076431, -0.313718, 0.816928, -0.04169, 0.934524, 0.353449, 0.474967, 0.0, 0.0, 0.0, 1.0],
                [0.332331, 0.348297, -0.876496, -0.084475, -0.942294, 0.08272, -0.324408, 0.818899, -0.040486, 0.933727, 0.355689, 0.475135, 0.0, 0.0, 0.0, 1.0],
                [0.347879, 0.349473, -0.869971, -0.081244, -0.93671, 0.090538, -0.338197, 0.821766, -0.039425, 0.932562, 0.358851, 0.475463, 0.0, 0.0, 0.0, 1.0],
                [0.366598, 0.350774, -0.861722, -0.07781, -0.929578, 0.099652, -0.354901, 0.825591, -0.038618, 0.931143, 0.362604, 0.476004, 0.0, 0.0, 0.0, 1.0],
                [0.38824, 0.351851, -0.851746, -0.074198, -0.920768, 0.109826, -0.374333, 0.830436, -0.038166, 0.929591, 0.366612, 0.476811, 0.0, 0.0, 0.0, 1.0],
                [0.412553, 0.352365, -0.840024, -0.070434, -0.910134, 0.120813, -0.396308, 0.836362, -0.038159, 0.928032, 0.370541, 0.477938, 0.0, 0.0, 0.0, 1.0],
                [0.439277, 0.351981, -0.826526, -0.066542, -0.897519, 0.132351, -0.420645, 0.843432, -0.038667, 0.926603, 0.374049, 0.479436, 0.0, 0.0, 0.0, 1.0],
                [0.468149, 0.350383, -0.811214, -0.062549, -0.882756, 0.14416, -0.447169, 0.851708, -0.039736, 0.925446, 0.376791, 0.481361, 0.0, 0.0, 0.0, 1.0],
                [0.4989, 0.347268, -0.794042, -0.058479, -0.865671, 0.155934, -0.475709, 0.861251, -0.041381, 0.924711, 0.378415, 0.483764, 0.0, 0.0, 0.0, 1.0],
                [0.531258, 0.342354, -0.774957, -0.054357, -0.846088, 0.167338, -0.506096, 0.872123, -0.043584, 0.92455, 0.378561, 0.4867, 0.0, 0.0, 0.0, 1.0],
                [0.564946, 0.335377, -0.753895, -0.050209, -0.823828, 0.178005, -0.538165, 0.884387, -0.04629, 0.925114, 0.376856, 0.490221, 0.0, 0.0, 0.0, 1.0],
                [0.599678, 0.326226, -0.730728, -0.046058, -0.79872, 0.187729, -0.571667, 0.898069, -0.049314, 0.926463, 0.37314, 0.494481, 0.0, 0.0, 0.0, 1.0],
                [0.635072, 0.315048, -0.705286, -0.041919, -0.770672, 0.196457, -0.606192, 0.913055, -0.052421, 0.92852, 0.367563, 0.499558, 0.0, 0.0, 0.0, 1.0],
                [0.670697, 0.301995, -0.677469, -0.037804, -0.739656, 0.204031, -0.641311, 0.929193, -0.055448, 0.93122, 0.360215, 0.505386, 0.0, 0.0, 0.0, 1.0],
                [0.706111, 0.28724, -0.647226, -0.033724, -0.705703, 0.210292, -0.67658, 0.946334, -0.058234, 0.93449, 0.351195, 0.511901, 0.0, 0.0, 0.0, 1.0],
                [0.740866, 0.27098, -0.614564, -0.029694, -0.668912, 0.215093, -0.711542, 0.964327, -0.060625, 0.938246, 0.340617, 0.519039, 0.0, 0.0, 0.0, 1.0],
                [0.774522, 0.253434, -0.579557, -0.025724, -0.629454, 0.218306, -0.745741, 0.983023, -0.062476, 0.942398, 0.328608, 0.526736, 0.0, 0.0, 0.0, 1.0],
                [0.80666, 0.234846, -0.542352, -0.021827, -0.587577, 0.219828, -0.778736, 1.002272, -0.063659, 0.946849, 0.315317, 0.534927, 0.0, 0.0, 0.0, 1.0],
                [0.836893, 0.215476, -0.50317, -0.018016, -0.543603, 0.219588, -0.810109, 1.021922, -0.064069, 0.9515, 0.300905, 0.543547, 0.0, 0.0, 0.0, 1.0],
                [0.864882, 0.195596, -0.462299, -0.014303, -0.497926, 0.217553, -0.839488, 1.041824, -0.063626, 0.956249, 0.28555, 0.552534, 0.0, 0.0, 0.0, 1.0],
                [0.890349, 0.175489, -0.420099, -0.010701, -0.450999, 0.213734, -0.866555, 1.061827, -0.062281, 0.961, 0.269443, 0.561821, 0.0, 0.0, 0.0, 1.0],
                [0.913085, 0.155433, -0.376983, -0.00722, -0.403328, 0.208185, -0.891059, 1.081782, -0.060018, 0.96566, 0.252781, 0.571345, 0.0, 0.0, 0.0, 1.0],
                [0.932964, 0.135701, -0.33341, -0.003875, -0.35545, 0.201004, -0.912827, 1.101538, -0.056854, 0.970146, 0.235765, 0.581042, 0.0, 0.0, 0.0, 1.0],
                [0.949942, 0.116548, -0.289874, -0.000678, -0.307925, 0.192331, -0.931767, 1.120945, -0.052843, 0.974384, 0.218591, 0.590847, 0.0, 0.0, 0.0, 1.0],
                [0.964056, 0.098206, -0.246884, 0.00236, -0.261314, 0.182343, -0.947874, 1.139852, -0.048069, 0.978318, 0.201451, 0.600695, 0.0, 0.0, 0.0, 1.0],
                [0.975425, 0.08088, -0.204952, 0.005226, -0.216167, 0.171247, -0.961221, 1.158111, -0.042646, 0.981903, 0.184522, 0.610523, 0.0, 0.0, 0.0, 1.0],
                [0.984237, 0.064744, -0.164581, 0.007908, -0.173004, 0.159275, -0.971957, 1.175569, -0.036714, 0.985109, 0.167966, 0.620267, 0.0, 0.0, 0.0, 1.0],
                [0.99074, 0.049936, -0.126254, 0.010393, -0.132316, 0.146675, -0.980295, 1.192078, -0.030434, 0.987923, 0.151925, 0.62986, 0.0, 0.0, 0.0, 1.0],
                [0.995231, 0.036565, -0.090427, 0.012668, -0.094546, 0.133704, -0.986501, 1.207487, -0.023981, 0.990346, 0.136523, 0.639241, 0.0, 0.0, 0.0, 1.0],
                [0.998038, 0.024706, -0.057523, 0.014723, -0.060096, 0.120617, -0.990878, 1.221645, -0.017542, 0.992392, 0.121865, 0.648343, 0.0, 0.0, 0.0, 1.0],
                [0.999506, 0.01441, -0.027933, 0.016543, -0.029324, 0.107669, -0.993754, 1.234403, -0.011312, 0.994082, 0.108038, 0.657103, 0.0, 0.0, 0.0, 1.0],
                [0.999982, 0.005705, -0.002016, 0.018117, -0.00255, 0.095101, -0.995464, 1.24561, -0.005487, 0.995451, 0.095114, 0.665457, 0.0, 0.0, 0.0, 1.0],
                [0.999801, -0.001396, 0.019892, 0.019433, 0.019939, 0.083142, -0.996338, 1.255117, -0.000263, 0.996537, 0.083154, 0.673339, 0.0, 0.0, 0.0, 1.0],
                [0.999274, -0.006888, 0.037476, 0.020478, 0.037875, 0.072005, -0.996685, 1.262772, 0.004166, 0.99738, 0.072214, 0.680687, 0.0, 0.0, 0.0, 1.0],
                [0.998669, -0.010768, 0.050432, 0.021239, 0.051003, 0.061883, -0.996779, 1.268426, 0.007613, 0.998025, 0.06235, 0.687434, 0.0, 0.0, 0.0, 1.0],
                [0.998205, -0.01303, 0.058454, 0.021705, 0.059066, 0.052951, -0.996848, 1.271929, 0.009893, 0.998512, 0.053626, 0.693518, 0.0, 0.0, 0.0, 1.0],
                [0.99803, -0.013651, 0.061233, 0.021863, 0.061794, 0.045362, -0.997058, 1.27313, 0.010833, 0.998877, 0.046116, 0.698873, 0.0, 0.0, 0.0, 1.0],
                [0.998037, -0.013444, 0.06117, 0.021579, 0.061654, 0.039148, -0.99733, 1.273129, 0.011013, 0.999143, 0.0399, 0.70346, 0.0, 0.0, 0.0, 1.0],
                [0.998058, -0.013245, 0.060859, 0.020794, 0.06128, 0.034163, -0.997536, 1.273126, 0.011133, 0.999328, 0.034908, 0.707332, 0.0, 0.0, 0.0, 1.0],
                [0.998097, -0.013055, 0.060268, 0.019612, 0.06064, 0.030273, -0.997701, 1.273116, 0.011201, 0.999456, 0.031007, 0.71057, 0.0, 0.0, 0.0, 1.0],
                [0.998153, -0.012875, 0.059364, 0.018137, 0.059698, 0.027342, -0.997842, 1.273098, 0.011224, 0.999543, 0.028061, 0.713251, 0.0, 0.0, 0.0, 1.0],
                [0.998229, -0.012706, 0.058115, 0.016472, 0.058421, 0.025238, -0.997973, 1.273069, 0.011214, 0.999601, 0.025935, 0.715454, 0.0, 0.0, 0.0, 1.0],
                [0.998324, -0.012547, 0.056488, 0.014722, 0.056775, 0.023823, -0.998102, 1.273024, 0.011177, 0.999637, 0.024495, 0.717258, 0.0, 0.0, 0.0, 1.0],
                [0.998439, -0.012398, 0.054451, 0.012989, 0.054725, 0.022963, -0.998237, 1.272962, 0.011126, 0.999659, 0.023606, 0.718742, 0.0, 0.0, 0.0, 1.0],
                [0.998573, -0.012258, 0.05197, 0.011376, 0.052236, 0.022524, -0.998381, 1.272879, 0.011068, 0.999671, 0.023132, 0.719984, 0.0, 0.0, 0.0, 1.0],
                [0.998724, -0.012128, 0.049012, 0.009989, 0.049275, 0.02237, -0.998535, 1.272774, 0.011014, 0.999676, 0.022939, 0.721063, 0.0, 0.0, 0.0, 1.0],
                [0.99889, -0.012007, 0.045545, 0.008929, 0.045805, 0.022365, -0.9987, 1.272641, 0.010973, 0.999678, 0.02289, 0.722059, 0.0, 0.0, 0.0, 1.0],
                [0.999066, -0.011898, 0.041552, 0.008123, 0.041812, 0.022502, -0.998872, 1.272209, 0.01095, 0.999676, 0.022978, 0.723036, 0.0, 0.0, 0.0, 1.0],
                [0.999242, -0.0118, 0.037082, 0.00742, 0.037344, 0.022847, -0.999041, 1.271248, 0.010941, 0.999669, 0.02327, 0.724006, 0.0, 0.0, 0.0, 1.0],
                [0.999413, -0.011708, 0.032203, 0.006813, 0.03247, 0.023374, -0.999199, 1.269821, 0.010946, 0.999658, 0.023741, 0.724969, 0.0, 0.0, 0.0, 1.0],
                [0.999568, -0.011618, 0.026984, 0.006293, 0.027257, 0.024061, -0.999339, 1.267992, 0.010961, 0.999643, 0.024367, 0.725922, 0.0, 0.0, 0.0, 1.0],
                [0.999702, -0.011528, 0.021491, 0.005852, 0.021773, 0.024882, -0.999453, 1.265823, 0.010987, 0.999624, 0.025125, 0.726866, 0.0, 0.0, 0.0, 1.0],
                [0.99981, -0.011432, 0.015794, 0.005483, 0.016085, 0.025812, -0.999537, 1.263378, 0.011019, 0.999601, 0.025991, 0.727799, 0.0, 0.0, 0.0, 1.0],
                [0.999886, -0.011328, 0.00996, 0.005177, 0.010261, 0.026826, -0.999587, 1.260719, 0.011056, 0.999576, 0.02694, 0.728719, 0.0, 0.0, 0.0, 1.0],
                [0.999929, -0.011213, 0.004058, 0.004926, 0.004369, 0.027901, -0.999601, 1.25791, 0.011096, 0.999548, 0.027948, 0.729627, 0.0, 0.0, 0.0, 1.0],
                [0.999937, -0.011085, -0.001845, 0.004721, -0.001522, 0.029012, -0.999578, 1.255015, 0.011133, 0.999518, 0.028993, 0.730519, 0.0, 0.0, 0.0, 1.0],
                [0.99991, -0.01094, -0.007679, 0.004556, -0.007346, 0.030133, -0.999519, 1.252095, 0.011166, 0.999486, 0.03005, 0.731396, 0.0, 0.0, 0.0, 1.0],
                [0.999852, -0.010778, -0.013377, 0.004421, -0.013034, 0.031241, -0.999427, 1.249215, 0.01119, 0.999454, 0.031096, 0.732256, 0.0, 0.0, 0.0, 1.0],
                [0.999766, -0.010598, -0.01887, 0.004309, -0.018519, 0.03231, -0.999306, 1.246437, 0.0112, 0.999422, 0.032106, 0.733098, 0.0, 0.0, 0.0, 1.0],
                [0.999656, -0.010398, -0.024091, 0.004211, -0.023732, 0.033316, -0.999163, 1.243825, 0.011192, 0.999391, 0.033057, 0.733921, 0.0, 0.0, 0.0, 1.0],
                [0.999528, -0.010178, -0.028971, 0.00412, -0.028607, 0.034234, -0.999004, 1.241441, 0.01116, 0.999362, 0.033927, 0.734724, 0.0, 0.0, 0.0, 1.0],
                [0.999391, -0.009938, -0.033443, 0.004027, -0.033076, 0.03504, -0.998838, 1.239349, 0.011099, 0.999336, 0.03469, 0.735505, 0.0, 0.0, 0.0, 1.0],
                [0.999252, -0.009679, -0.037439, 0.003925, -0.037071, 0.035709, -0.998674, 1.237612, 0.011003, 0.999315, 0.035324, 0.736264, 0.0, 0.0, 0.0, 1.0],
                [0.999119, -0.009399, -0.040891, 0.003804, -0.040526, 0.036218, -0.998522, 1.236294, 0.010866, 0.999299, 0.035805, 0.736999, 0.0, 0.0, 0.0, 1.0],
                [0.999002, -0.0091, -0.043733, 0.003658, -0.043373, 0.036541, -0.99839, 1.235456, 0.010683, 0.999291, 0.03611, 0.737709, 0.0, 0.0, 0.0, 1.0],
                [0.998907, -0.00878, -0.045896, 0.003477, -0.045545, 0.036654, -0.99829, 1.235163, 0.010448, 0.999289, 0.036214, 0.738393, 0.0, 0.0, 0.0, 1.0],
                [0.998841, -0.00822, -0.047417, 0.003258, -0.047087, 0.036549, -0.998222, 1.235232, 0.009938, 0.999298, 0.03612, 0.739049, 0.0, 0.0, 0.0, 1.0],
                [0.998799, -0.007267, -0.048448, 0.003007, -0.048154, 0.036255, -0.998182, 1.235427, 0.00901, 0.999316, 0.035862, 0.739673, 0.0, 0.0, 0.0, 1.0],
                [0.998776, -0.006028, -0.049095, 0.002737, -0.048849, 0.035805, -0.998164, 1.235728, 0.007775, 0.99934, 0.035467, 0.74026, 0.0, 0.0, 0.0, 1.0],
                [0.998765, -0.00461, -0.049463, 0.002459, -0.049271, 0.03523, -0.998164, 1.236116, 0.006344, 0.999369, 0.034959, 0.740805, 0.0, 0.0, 0.0, 1.0],
                [0.998761, -0.003117, -0.049659, 0.002183, -0.049522, 0.034563, -0.998175, 1.23657, 0.004828, 0.999397, 0.034366, 0.741303, 0.0, 0.0, 0.0, 1.0],
                [0.998758, -0.001657, -0.049788, 0.001922, -0.049703, 0.033837, -0.998191, 1.237072, 0.003339, 0.999426, 0.033713, 0.741749, 0.0, 0.0, 0.0, 1.0],
                [0.998751, -0.000336, -0.049955, 0.001685, -0.049917, 0.033084, -0.998205, 1.237601, 0.001988, 0.999453, 0.033026, 0.742139, 0.0, 0.0, 0.0, 1.0],
                [0.998736, 0.000741, -0.050266, 0.001486, -0.050263, 0.032335, -0.998212, 1.238138, 0.000886, 0.999477, 0.032331, 0.742467, 0.0, 0.0, 0.0, 1.0],
                [0.998707, 0.001466, -0.050825, 0.001334, -0.050846, 0.031623, -0.998205, 1.238664, 0.000144, 0.999499, 0.031657, 0.742728, 0.0, 0.0, 0.0, 1.0],
                [0.998659, 0.001732, -0.051737, 0.001241, -0.051765, 0.03098, -0.998179, 1.239158, -0.000126, 0.999519, 0.031028, 0.742917, 0.0, 0.0, 0.0, 1.0],
                [0.998586, 0.001693, -0.053125, 0.001204, -0.053152, 0.030409, -0.998123, 1.239615, -7.4e-05, 0.999536, 0.030455, 0.743055, 0.0, 0.0, 0.0, 1.0],
                [0.998477, 0.001576, -0.055151, 0.001174, -0.055173, 0.029836, -0.998031, 1.240074, 7.3e-05, 0.999554, 0.029878, 0.743237, 0.0, 0.0, 0.0, 1.0],
                [0.998329, 0.00139, -0.057777, 0.001141, -0.057793, 0.029239, -0.9979, 1.240542, 0.000302, 0.999572, 0.02927, 0.743478, 0.0, 0.0, 0.0, 1.0],
                [0.998142, 0.001142, -0.060913, 0.001108, -0.060921, 0.028608, -0.997733, 1.241015, 0.000603, 0.99959, 0.028624, 0.743771, 0.0, 0.0, 0.0, 1.0],
                [0.997919, 0.000839, -0.064468, 0.001077, -0.064466, 0.027935, -0.997529, 1.24149, 0.000964, 0.999609, 0.027931, 0.744106, 0.0, 0.0, 0.0, 1.0],
                [0.997661, 0.000489, -0.068355, 0.00105, -0.068342, 0.027212, -0.997291, 1.241964, 0.001372, 0.999629, 0.027182, 0.744476, 0.0, 0.0, 0.0, 1.0],
                [0.997368, 0.0001, -0.072503, 0.001026, -0.07248, 0.026424, -0.99702, 1.242437, 0.001816, 0.999651, 0.026362, 0.744881, 0.0, 0.0, 0.0, 1.0],
                [0.997044, -0.000323, -0.076835, 0.001002, -0.076802, 0.025559, -0.996719, 1.24291, 0.002285, 0.999673, 0.025459, 0.745319, 0.0, 0.0, 0.0, 1.0],
                [0.996692, -0.00077, -0.081272, 0.000981, -0.081228, 0.024606, -0.996392, 1.243379, 0.002767, 0.999697, 0.024462, 0.745786, 0.0, 0.0, 0.0, 1.0],
                [0.996317, -0.001235, -0.085734, 0.000961, -0.085681, 0.023552, -0.996044, 1.243845, 0.00325, 0.999722, 0.023359, 0.746278, 0.0, 0.0, 0.0, 1.0],
                [0.995927, -0.001711, -0.090142, 0.000942, -0.090081, 0.022385, -0.995683, 1.244306, 0.003722, 0.999748, 0.02214, 0.746791, 0.0, 0.0, 0.0, 1.0],
                [0.99553, -0.00219, -0.094417, 0.000926, -0.094351, 0.021093, -0.995316, 1.244761, 0.004171, 0.999775, 0.020792, 0.747323, 0.0, 0.0, 0.0, 1.0],
                [0.995135, -0.002664, -0.098481, 0.000911, -0.098411, 0.019665, -0.994952, 1.245209, 0.004587, 0.999803, 0.019307, 0.747869, 0.0, 0.0, 0.0, 1.0],
                [0.994753, -0.003126, -0.102256, 0.000897, -0.102183, 0.018086, -0.994601, 1.245647, 0.004959, 0.999832, 0.017672, 0.748425, 0.0, 0.0, 0.0, 1.0],
                [0.994396, -0.003567, -0.105663, 0.000884, -0.105591, 0.016346, -0.994275, 1.246076, 0.005274, 0.99986, 0.015878, 0.748989, 0.0, 0.0, 0.0, 1.0],
                [0.994075, -0.00398, -0.108623, 0.000873, -0.108556, 0.01443, -0.993986, 1.246494, 0.005523, 0.999888, 0.013913, 0.749557, 0.0, 0.0, 0.0, 1.0],
                [0.993804, -0.004354, -0.11106, 0.000863, -0.111, 0.012327, -0.993744, 1.2469, 0.005696, 0.999914, 0.011767, 0.750125, 0.0, 0.0, 0.0, 1.0],
