{
    "animation": [
        {
            "name": "Root",
            "time": [0.0, 0.0167, 0.0333, 0.05, 0.0667, 0.0833, 0.1, 0.1167, 0.1333, 0.15, 0.1667, 0.1833, 0.2, 0.2167, 0.2333, 0.25, 0.2667, 0.2833, 0.3, 0.3167, 0.3333, 0.35, 0.3667, 0.3833, 0.4, 0.4167, 0.4333, 0.45, 0.4667, 0.4833, 0.5, 0.5167, 0.5333, 0.55, 0.5667, 0.5833, 0.6, 0.6167, 0.6333, 0.65, 0.6667, 0.6833, 0.7, 0.7167, 0.7333, 0.75, 0.7667, 0.7833, 0.8, 0.8167, 0.8333, 0.85, 0.8667, 0.8833, 0.9, 0.9167, 0.9333, 0.95, 0.9667, 0.9833, 1.0, 1.0167, 1.0333, 1.05, 1.0667, 1.0833, 1.1, 1.1167, 1.1333, 1.15, 1.1667, 1.1833, 1.2, 1.2167, 1.2333, 1.25, 1.2667, 1.2833, 1.3, 1.3167, 1.3333, 1.35, 1.3667, 1.3833, 1.4, 1.4167, 1.4333, 1.45, 1.4667, 1.4833, 1.5, 1.5167, 1.5333, 1.55, 1.5667, 1.5833, 1.6, 1.6167, 1.6333, 1.65, 1.6667, 1.6833, 1.7, 1.7167, 1.7333, 1.75, 1.7667, 1.7833, 1.8, 1.8167, 1.8333, 1.85, 1.8667, 1.8833, 1.9, 1.9167, 1.9333, 1.95, 1.9667, 1.9833, 2.0, 2.0167, 2.0333, 2.05, 2.0667, 2.0833, 2.1, 2.1167, 2.1333, 2.15, 2.1667, 2.1833, 2.2, 2.2167, 2.2333, 2.25, 2.2667, 2.2833, 2.3, 2.3167, 2.3333, 2.35, 2.3667, 2.3833, 2.4, 2.4167, 2.4333, 2.45, 2.4667, 2.4833, 2.5, 2.5167, 2.5333, 2.55, 2.5667, 2.5833, 2.6, 2.6167, 2.6333, 2.65, 2.6667, 2.6833, 2.7, 2.7167, 2.7333, 2.75, 2.7667, 2.7833, 2.8, 2.8167, 2.8333, 2.85, 2.8667, 2.8833, 2.9, 2.9167, 2.9333, 2.95, 2.9667, 2.9833, 3.0, 3.0167, 3.0333, 3.05, 3.0667, 3.0833, 3.1, 3.1167, 3.1333, 3.15, 3.1667, 3.1833, 3.2, 3.2167, 3.2333, 3.25, 3.2667, 3.2833, 3.3, 3.3167, 3.3333, 3.35, 3.3667, 3.3833, 3.4, 3.4167, 3.4333, 3.45, 3.4667, 3.4833, 3.5, 3.5167, 3.5333, 3.55, 3.5667, 3.5833, 3.6, 3.6167, 3.6333, 3.65, 3.6667, 3.6833, 3.7, 3.7167, 3.7333, 3.75, 3.7667, 3.7833, 3.8, 3.8167, 3.8333, 3.85, 3.8667, 3.8833, 3.9, 3.9167, 3.9333, 3.95, 3.9667, 3.9833, 4.0, 4.0167, 4.0333, 4.05, 4.0667, 4.0833, 4.1, 4.1167, 4.1333, 4.15, 4.1667, 4.1833, 4.2, 4.2167, 4.2333],
            "transform": [
                [0.995047, 0.00395, -0.099325, -0.004083, -0.099163, -0.030107, -0.994616, 0.000783, -0.006919, 0.999539, -0.029566, 0.756398, 0.0, 0.0, 0.0, 1.0],
                [0.996475, 0.00421, -0.083782, -0.002521, -0.083626, -0.028984, -0.996075, 0.000783, -0.006622, 0.999571, -0.02853, 0.751725, 0.0, 0.0, 0.0, 1.0],
                [0.999164, 0.004736, -0.040596, 0.000917, -0.040464, -0.025313, -0.99886, 0.000783, -0.005758, 0.999668, -0.025101, 0.739754, 0.0, 0.0, 0.0, 1.0],
                [0.999673, 0.00499, 0.025075, 0.004354, 0.025164, -0.018637, -0.99951, 0.000783, -0.00452, 0.999814, -0.018756, 0.723559, 0.0, 0.0, 0.0, 1.0],
                [0.994186, 0.004239, 0.107597, 0.005917, 0.10763, -0.008563, -0.994154, 0.000783, -0.003293, 0.999954, -0.008969, 0.706211, 0.0, 0.0, 0.0, 1.0],
                [0.979683, 0.00162, 0.200547, 0.004877, 0.200536, 0.005153, -0.979673, 0.000783, -0.00262, 0.999985, 0.004724, 0.690217, 0.0, 0.0, 0.0, 1.0],
                [0.954901, -0.003758, 0.296899, 0.002397, 0.296907, 0.022574, -0.954639, 0.000783, -0.003114, 0.999738, 0.022671, 0.675818, 0.0, 0.0, 0.0, 1.0],
                [0.920875, -0.012672, 0.389653, -0.000563, 0.389822, 0.043612, -0.919857, 0.000783, -0.005338, 0.998968, 0.045101, 0.662687, 0.0, 0.0, 0.0, 1.0],
                [0.8809, -0.025669, 0.472606, -0.003043, 0.473204, 0.068153, -0.878313, 0.000783, -0.009664, 0.997344, 0.072182, 0.6505, 0.0, 0.0, 0.0, 1.0],
                [0.839984, -0.042998, 0.540905, -0.004083, 0.542371, 0.09622, -0.834611, 0.000783, -0.01616, 0.994431, 0.104144, 0.63893, 0.0, 0.0, 0.0, 1.0],
                [0.802181, -0.071866, 0.59274, -0.004082, 0.596829, 0.125361, -0.792515, 0.000783, -0.017352, 0.989505, 0.143454, 0.627672, 0.0, 0.0, 0.0, 1.0],
                [0.764635, -0.116803, 0.63379, -0.004081, 0.644406, 0.15168, -0.749489, 0.000783, -0.008591, 0.981504, 0.191249, 0.616504, 0.0, 0.0, 0.0, 1.0],
                [0.724642, -0.1725, 0.667187, -0.004073, 0.689105, 0.17389, -0.703488, 0.000783, 0.005335, 0.969539, 0.244879, 0.605221, 0.0, 0.0, 0.0, 1.0],
                [0.680012, -0.233455, 0.695041, -0.004053, 0.73294, 0.191179, -0.652878, 0.000783, 0.01954, 0.953388, 0.301112, 0.593622, 0.0, 0.0, 0.0, 1.0],
                [0.62863, -0.294463, 0.719802, -0.004013, 0.777154, 0.203036, -0.595658, 0.000783, 0.029254, 0.933846, 0.356478, 0.581503, 0.0, 0.0, 0.0, 1.0],
                [0.568445, -0.350686, 0.744237, -0.003948, 0.822178, 0.209291, -0.529357, 0.000783, 0.029876, 0.912807, 0.407297, 0.568663, 0.0, 0.0, 0.0, 1.0],
                [0.497214, -0.397638, 0.771144, -0.003851, 0.867459, 0.21028, -0.450885, 0.000783, 0.017133, 0.893122, 0.449488, 0.554899, 0.0, 0.0, 0.0, 1.0],
                [0.412061, -0.431036, 0.802754, -0.003715, 0.911068, 0.20715, -0.356431, 0.000783, -0.012656, 0.878235, 0.478062, 0.540007, 0.0, 0.0, 0.0, 1.0],
                [0.309135, -0.454939, 0.835145, -0.00298, 0.949552, 0.19639, -0.244502, 0.000783, -0.05278, 0.868598, 0.492699, 0.523991, 0.0, 0.0, 0.0, 1.0],
                [0.192901, -0.474662, 0.858769, -0.001351, 0.976815, 0.175715, -0.122295, 0.000783, -0.09285, 0.86245, 0.497553, 0.507674, 0.0, 0.0, 0.0, 1.0],
                [0.074077, -0.488531, 0.869397, 0.000782, 0.988731, 0.149708, -0.000121, 0.000783, -0.130097, 0.859608, 0.494115, 0.492088, 0.0, 0.0, 0.0, 1.0],
                [-0.035511, -0.49633, 0.867407, 0.003027, 0.986125, 0.123437, 0.111002, 0.000783, -0.162164, 0.859313, 0.48506, 0.478261, 0.0, 0.0, 0.0, 1.0],
                [-0.124885, -0.49928, 0.857393, 0.004991, 0.974284, 0.10164, 0.201098, 0.000783, -0.18755, 0.860458, 0.473747, 0.467224, 0.0, 0.0, 0.0, 1.0],
                [-0.185079, -0.499098, 0.846551, 0.006285, 0.961055, 0.087978, 0.261982, 0.000783, -0.205232, 0.862068, 0.463377, 0.460007, 0.0, 0.0, 0.0, 1.0],
                [-0.217904, -0.49727, 0.839786, 0.006907, 0.951655, 0.082618, 0.295853, 0.001514, -0.2165, 0.863653, 0.455227, 0.456246, 0.0, 0.0, 0.0, 1.0],
                [-0.234426, -0.494745, 0.836823, 0.00721, 0.946086, 0.081825, 0.313411, 0.003377, -0.223532, 0.865178, 0.448889, 0.45439, 0.0, 0.0, 0.0, 1.0],
                [-0.240504, -0.492251, 0.836569, 0.007325, 0.943758, 0.082872, 0.320083, 0.005873, -0.22689, 0.866499, 0.444635, 0.453688, 0.0, 0.0, 0.0, 1.0],
                [-0.241779, -0.490387, 0.837295, 0.007388, 0.943408, 0.083057, 0.321066, 0.008506, -0.226989, 0.867538, 0.442554, 0.453387, 0.0, 0.0, 0.0, 1.0],
                [-0.242795, -0.488951, 0.837841, 0.007509, 0.943641, 0.081216, 0.320851, 0.010866, -0.224926, 0.868522, 0.441675, 0.452867, 0.0, 0.0, 0.0, 1.0],
                [-0.244405, -0.487398, 0.838278, 0.007712, 0.944003, 0.078006, 0.320585, 0.012901, -0.221643, 0.869688, 0.44104, 0.452027, 0.0, 0.0, 0.0, 1.0],
                [-0.246653, -0.485807, 0.838543, 0.007998, 0.944439, 0.073478, 0.320372, 0.014644, -0.217254, 0.870972, 0.440691, 0.450902, 0.0, 0.0, 0.0, 1.0],
                [-0.249586, -0.484254, 0.838573, 0.008368, 0.94489, 0.067682, 0.320315, 0.016131, -0.21187, 0.872306, 0.440674, 0.449522, 0.0, 0.0, 0.0, 1.0],
                [-0.253252, -0.48281, 0.838307, 0.008824, 0.945299, 0.060667, 0.320515, 0.017397, -0.205606, 0.873621, 0.441036, 0.44792, 0.0, 0.0, 0.0, 1.0],
                [-0.257699, -0.481545, 0.837679, 0.009365, 0.9456, 0.052485, 0.32107, 0.018475, -0.198575, 0.874848, 0.441824, 0.446128, 0.0, 0.0, 0.0, 1.0],
                [-0.262978, -0.480526, 0.836623, 0.009994, 0.945728, 0.043184, 0.322077, 0.019401, -0.190895, 0.875917, 0.44309, 0.444178, 0.0, 0.0, 0.0, 1.0],
                [-0.269141, -0.479814, 0.83507, 0.010711, 0.945616, 0.032816, 0.323625, 0.020211, -0.182683, 0.876756, 0.444888, 0.442102, 0.0, 0.0, 0.0, 1.0],
                [-0.276242, -0.479468, 0.832947, 0.011518, 0.945195, 0.021429, 0.325803, 0.020937, -0.174061, 0.877298, 0.447271, 0.439933, 0.0, 0.0, 0.0, 1.0],
                [-0.284336, -0.479542, 0.830176, 0.012416, 0.944393, 0.009071, 0.328695, 0.021616, -0.165154, 0.877472, 0.450297, 0.437703, 0.0, 0.0, 0.0, 1.0],
                [-0.293481, -0.480086, 0.826673, 0.013406, 0.943136, -0.004212, 0.332382, 0.022282, -0.15609, 0.877212, 0.454022, 0.435443, 0.0, 0.0, 0.0, 1.0],
                [-0.303729, -0.481144, 0.822344, 0.014488, 0.94135, -0.018374, 0.336932, 0.02297, -0.147003, 0.876449, 0.458505, 0.433186, 0.0, 0.0, 0.0, 1.0],
                [-0.315138, -0.482756, 0.81709, 0.015664, 0.938954, -0.033376, 0.34242, 0.023715, -0.138034, 0.875119, 0.463803, 0.430964, 0.0, 0.0, 0.0, 1.0],
                [-0.327764, -0.484955, 0.810795, 0.016968, 0.935866, -0.04918, 0.348908, 0.024599, -0.12933, 0.873155, 0.469972, 0.42881, 0.0, 0.0, 0.0, 1.0],
                [-0.341687, -0.487773, 0.803323, 0.018558, 0.931985, -0.065761, 0.356482, 0.025897, -0.121055, 0.87049, 0.477067, 0.426754, 0.0, 0.0, 0.0, 1.0],
                [-0.356987, -0.491232, 0.794514, 0.020627, 0.927203, -0.083104, 0.365225, 0.027932, -0.113383, 0.867055, 0.485139, 0.42483, 0.0, 0.0, 0.0, 1.0],
                [-0.373737, -0.495344, 0.784191, 0.023367, 0.921401, -0.101198, 0.375207, 0.031026, -0.106498, 0.862782, 0.494232, 0.423069, 0.0, 0.0, 0.0, 1.0],
                [-0.391996, -0.500111, 0.772158, 0.026968, 0.91445, -0.120039, 0.386485, 0.035502, -0.100596, 0.857601, 0.504381, 0.421504, 0.0, 0.0, 0.0, 1.0],
                [-0.41181, -0.50552, 0.758196, 0.031624, 0.906211, -0.139633, 0.399105, 0.041684, -0.095887, 0.851441, 0.51561, 0.420166, 0.0, 0.0, 0.0, 1.0],
                [-0.433208, -0.511546, 0.74206, 0.037525, 0.896526, -0.159992, 0.413092, 0.049892, -0.092592, 0.84423, 0.527924, 0.419087, 0.0, 0.0, 0.0, 1.0],
                [-0.455807, -0.518574, 0.723409, 0.044754, 0.885373, -0.180691, 0.428329, 0.060251, -0.091407, 0.835722, 0.541492, 0.418281, 0.0, 0.0, 0.0, 1.0],
                [-0.478493, -0.526555, 0.702698, 0.052952, 0.873212, -0.20109, 0.443919, 0.07208, -0.092442, 0.826016, 0.556015, 0.417684, 0.0, 0.0, 0.0, 1.0],
                [-0.500215, -0.534862, 0.680961, 0.06165, 0.860676, -0.220845, 0.458765, 0.084502, -0.094989, 0.815567, 0.570813, 0.417216, 0.0, 0.0, 0.0, 1.0],
                [-0.520002, -0.542964, 0.659386, 0.070379, 0.848496, -0.239554, 0.471879, 0.096636, -0.098255, 0.804863, 0.585271, 0.416795, 0.0, 0.0, 0.0, 1.0],
                [-0.53698, -0.55043, 0.63928, 0.07867, 0.837483, -0.25677, 0.482382, 0.107604, -0.10137, 0.794415, 0.598856, 0.416338, 0.0, 0.0, 0.0, 1.0],
                [-0.550368, -0.556917, 0.622044, 0.086055, 0.828494, -0.272013, 0.489496, 0.116526, -0.103404, 0.784763, 0.61111, 0.415764, 0.0, 0.0, 0.0, 1.0],
                [-0.559447, -0.562146, 0.609108, 0.092064, 0.822393, -0.284792, 0.492508, 0.122525, -0.103393, 0.776457, 0.621631, 0.414992, 0.0, 0.0, 0.0, 1.0],
                [-0.563502, -0.56587, 0.601878, 0.096229, 0.819996, -0.294619, 0.490721, 0.12472, -0.100359, 0.770059, 0.630029, 0.413939, 0.0, 0.0, 0.0, 1.0],
                [-0.56521, -0.566701, 0.59949, 0.098831, 0.819576, -0.30295, 0.48633, 0.12411, -0.093988, 0.766205, 0.635685, 0.412539, 0.0, 0.0, 0.0, 1.0],
                [-0.566637, -0.564403, 0.60031, 0.100574, 0.81957, -0.310892, 0.481302, 0.122401, -0.085017, 0.764719, 0.638731, 0.410775, 0.0, 0.0, 0.0, 1.0],
                [-0.566125, -0.560432, 0.604499, 0.101632, 0.820987, -0.317457, 0.474555, 0.119771, -0.074054, 0.764942, 0.639828, 0.408649, 0.0, 0.0, 0.0, 1.0],
                [-0.562001, -0.556244, 0.612167, 0.102175, 0.824831, -0.321661, 0.464962, 0.116398, -0.061722, 0.766242, 0.639581, 0.406159, 0.0, 0.0, 0.0, 1.0],
                [-0.552563, -0.553276, 0.623346, 0.102375, 0.832049, -0.322505, 0.451315, 0.112462, -0.04867, 0.768034, 0.638557, 0.403305, 0.0, 0.0, 0.0, 1.0],
                [-0.536045, -0.552908, 0.637926, 0.102404, 0.84344, -0.318938, 0.432306, 0.108141, -0.035566, 0.769787, 0.637309, 0.400087, 0.0, 0.0, 0.0, 1.0],
                [-0.508873, -0.553345, 0.659438, 0.100665, 0.860496, -0.305222, 0.407907, 0.103612, -0.024438, 0.775015, 0.63147, 0.396524, 0.0, 0.0, 0.0, 1.0],
                [-0.472268, -0.551448, 0.687654, 0.096081, 0.88129, -0.28031, 0.380466, 0.099056, -0.017051, 0.785704, 0.618367, 0.392724, 0.0, 0.0, 0.0, 1.0],
                [-0.432061, -0.546911, 0.717085, 0.089601, 0.901744, -0.250116, 0.352562, 0.094651, -0.013466, 0.798956, 0.601239, 0.388813, 0.0, 0.0, 0.0, 1.0],
                [-0.39471, -0.540402, 0.743082, 0.082173, 0.918712, -0.220539, 0.327615, 0.090574, -0.013165, 0.81199, 0.583523, 0.384919, 0.0, 0.0, 0.0, 1.0],
                [-0.367043, -0.533654, 0.761901, 0.074746, 0.930083, -0.197355, 0.309832, 0.087006, -0.014978, 0.822353, 0.568781, 0.38117, 0.0, 0.0, 0.0, 1.0],
                [-0.355943, -0.529036, 0.770342, 0.068268, 0.934348, -0.186185, 0.303859, 0.084124, -0.017326, 0.827923, 0.560575, 0.377694, 0.0, 0.0, 0.0, 1.0],
                [-0.356357, -0.526288, 0.772031, 0.063131, 0.934157, -0.183881, 0.305841, 0.081885, -0.018999, 0.830186, 0.557163, 0.374592, 0.0, 0.0, 0.0, 1.0],
                [-0.358583, -0.523568, 0.772849, 0.059017, 0.933284, -0.183331, 0.308823, 0.080092, -0.020003, 0.832025, 0.554377, 0.371871, 0.0, 0.0, 0.0, 1.0],
                [-0.36238, -0.520873, 0.772899, 0.055813, 0.931804, -0.184172, 0.312766, 0.078695, -0.020566, 0.83353, 0.552092, 0.369512, 0.0, 0.0, 0.0, 1.0],
                [-0.36751, -0.51819, 0.77228, 0.053406, 0.929785, -0.18604, 0.317632, 0.077645, -0.020919, 0.834786, 0.550177, 0.367495, 0.0, 0.0, 0.0, 1.0],
                [-0.373731, -0.515506, 0.771089, 0.051681, 0.927293, -0.18857, 0.323373, 0.076893, -0.021296, 0.83588, 0.5485, 0.365801, 0.0, 0.0, 0.0, 1.0],
                [-0.380805, -0.51281, 0.769424, 0.050524, 0.924396, -0.191397, 0.32994, 0.076389, -0.021931, 0.836895, 0.546924, 0.364411, 0.0, 0.0, 0.0, 1.0],
                [-0.388497, -0.510094, 0.767381, 0.049823, 0.921162, -0.194158, 0.337289, 0.076084, -0.023056, 0.837918, 0.545309, 0.363307, 0.0, 0.0, 0.0, 1.0],
                [-0.396575, -0.507359, 0.765059, 0.049463, 0.917665, -0.196492, 0.345374, 0.075927, -0.0249, 0.839034, 0.543509, 0.362468, 0.0, 0.0, 0.0, 1.0],
                [-0.404814, -0.504609, 0.762559, 0.04933, 0.91398, -0.198037, 0.35415, 0.075869, -0.027693, 0.840328, 0.541371, 0.361876, 0.0, 0.0, 0.0, 1.0],
                [-0.412993, -0.501859, 0.759984, 0.049311, 0.910184, -0.198434, 0.363579, 0.075861, -0.031659, 0.84188, 0.538736, 0.361512, 0.0, 0.0, 0.0, 1.0],
                [-0.420592, -0.499701, 0.757233, 0.049311, 0.906477, -0.197007, 0.373481, 0.075961, -0.037448, 0.843497, 0.535827, 0.361316, 0.0, 0.0, 0.0, 1.0],
                [-0.426686, -0.498486, 0.75462, 0.049311, 0.9033, -0.193739, 0.382774, 0.076232, -0.044608, 0.844971, 0.532948, 0.361068, 0.0, 0.0, 0.0, 1.0],
                [-0.430462, -0.497853, 0.752892, 0.049311, 0.901126, -0.189248, 0.390074, 0.076623, -0.051716, 0.846362, 0.530092, 0.360505, 0.0, 0.0, 0.0, 1.0],
                [-0.43112, -0.497413, 0.752805, 0.049311, 0.90047, -0.184147, 0.394011, 0.077086, -0.05736, 0.847744, 0.527295, 0.359367, 0.0, 0.0, 0.0, 1.0],
                [-0.4301, -0.496607, 0.75392, 0.049246, 0.900711, -0.179528, 0.395587, 0.077653, -0.061101, 0.849206, 0.524514, 0.357474, 0.0, 0.0, 0.0, 1.0],
                [-0.429103, -0.495447, 0.755251, 0.048794, 0.901011, -0.175875, 0.396544, 0.078666, -0.063636, 0.850647, 0.521872, 0.354978, 0.0, 0.0, 0.0, 1.0],
                [-0.427714, -0.494386, 0.756732, 0.047567, 0.901555, -0.172886, 0.39662, 0.08055, -0.065255, 0.851876, 0.519662, 0.35211, 0.0, 0.0, 0.0, 1.0],
                [-0.425518, -0.493878, 0.758301, 0.045178, 0.902522, -0.170259, 0.395558, 0.083727, -0.06625, 0.8527, 0.518184, 0.349104, 0.0, 0.0, 0.0, 1.0],
                [-0.422093, -0.494375, 0.75989, 0.041239, 0.904081, -0.167686, 0.393091, 0.08862, -0.066911, 0.852922, 0.517734, 0.346193, 0.0, 0.0, 0.0, 1.0],
                [-0.417015, -0.496323, 0.761422, 0.035363, 0.906388, -0.164854, 0.388952, 0.095654, -0.067522, 0.852342, 0.518607, 0.343609, 0.0, 0.0, 0.0, 1.0],
                [-0.406385, -0.511281, 0.75726, 0.024362, 0.911445, -0.168621, 0.37528, 0.105083, -0.064184, 0.842709, 0.53453, 0.341537, 0.0, 0.0, 0.0, 1.0],
                [-0.386981, -0.544674, 0.744027, 0.00761, 0.92055, -0.18162, 0.345836, 0.116495, -0.053238, 0.818745, 0.571683, 0.339968, 0.0, 0.0, 0.0, 1.0],
                [-0.359468, -0.587686, 0.724851, -0.011436, 0.932495, -0.196946, 0.302765, 0.129312, -0.035175, 0.784753, 0.618809, 0.338847, 0.0, 0.0, 0.0, 1.0],
                [-0.324279, -0.632091, 0.70378, -0.029319, 0.945902, -0.208222, 0.248828, 0.142954, -0.010739, 0.746395, 0.665417, 0.338116, 0.0, 0.0, 0.0, 1.0],
                [-0.281179, -0.670727, 0.68634, -0.042584, 0.959474, -0.210411, 0.187452, 0.156842, 0.018684, 0.711233, 0.702708, 0.337719, 0.0, 0.0, 0.0, 1.0],
                [-0.228878, -0.697289, 0.679266, -0.047774, 0.97213, -0.200132, 0.122117, 0.170396, 0.050792, 0.688284, 0.723661, 0.337599, 0.0, 0.0, 0.0, 1.0],
                [-0.167117, -0.714057, 0.679849, -0.047774, 0.982297, -0.179785, 0.052632, 0.183268, 0.084645, 0.676609, 0.731461, 0.337604, 0.0, 0.0, 0.0, 1.0],
                [-0.099385, -0.727199, 0.679194, -0.047774, 0.987787, -0.154418, -0.020792, 0.196029, 0.12, 0.668832, 0.733665, 0.337618, 0.0, 0.0, 0.0, 1.0],
                [-0.029399, -0.736451, 0.675853, -0.047774, 0.987538, -0.125985, -0.094324, 0.209482, 0.154612, 0.664657, 0.730977, 0.337635, 0.0, 0.0, 0.0, 1.0],
                [0.038804, -0.741929, 0.669354, -0.047774, 0.98173, -0.096572, -0.163957, 0.224431, 0.186285, 0.663487, 0.724626, 0.337652, 0.0, 0.0, 0.0, 1.0],
                [0.10117, -0.744216, 0.660233, -0.047774, 0.97178, -0.068221, -0.225808, 0.241677, 0.213092, 0.664446, 0.716312, 0.337665, 0.0, 0.0, 0.0, 1.0],
                [0.153909, -0.744321, 0.649846, -0.047774, 0.960099, -0.042765, -0.276372, 0.262022, 0.2335, 0.666452, 0.708039, 0.33767, 0.0, 0.0, 0.0, 1.0],
                [0.200811, -0.739557, 0.642442, -0.047742, 0.950909, -0.010481, -0.309295, 0.285933, 0.235475, 0.673013, 0.701146, 0.336249, 0.0, 0.0, 0.0, 1.0],
                [0.249179, -0.726367, 0.640548, -0.047518, 0.944975, 0.037593, -0.324975, 0.312522, 0.211971, 0.686279, 0.695766, 0.332392, 0.0, 0.0, 0.0, 1.0],
                [0.300286, -0.704606, 0.64293, -0.04691, 0.938786, 0.099001, -0.329969, 0.340566, 0.168848, 0.702658, 0.691203, 0.326708, 0.0, 0.0, 0.0, 1.0],
                [0.354973, -0.674024, 0.647832, -0.045726, 0.928162, 0.171189, -0.330468, 0.368842, 0.111842, 0.7186, 0.686371, 0.319806, 0.0, 0.0, 0.0, 1.0],
                [0.413955, -0.634296, 0.652925, -0.043775, 0.909087, 0.251084, -0.332442, 0.396124, 0.046928, 0.731181, 0.680568, 0.312296, 0.0, 0.0, 0.0, 1.0],
                [0.478013, -0.585044, 0.655155, -0.040863, 0.878134, 0.334962, -0.341587, 0.421191, -0.019609, 0.738596, 0.673863, 0.304785, 0.0, 0.0, 0.0, 1.0],
                [0.54803, -0.525839, 0.650505, -0.0368, 0.832498, 0.418481, -0.363071, 0.442818, -0.081307, 0.740518, 0.6671, 0.297883, 0.0, 0.0, 0.0, 1.0],
                [0.624774, -0.456259, 0.633629, -0.031393, 0.769611, 0.496772, -0.401144, 0.45978, -0.131743, 0.738272, 0.661512, 0.292199, 0.0, 0.0, 0.0, 1.0],
                [0.708276, -0.37614, 0.597381, -0.02445, 0.686456, 0.564394, -0.458517, 0.470855, -0.164692, 0.734832, 0.657951, 0.288342, 0.0, 0.0, 0.0, 1.0],
                [0.796613, -0.286228, 0.53243, -0.01578, 0.578819, 0.615134, -0.535331, 0.474819, -0.174289, 0.734632, 0.655698, 0.286921, 0.0, 0.0, 0.0, 1.0],
                [0.880795, -0.188526, 0.434348, -0.001302, 0.446793, 0.634621, -0.63058, 0.474819, -0.156766, 0.749476, 0.643203, 0.29192, 0.0, 0.0, 0.0, 1.0],
                [0.943274, -0.095656, 0.317938, 0.018071, 0.306617, 0.618305, -0.723661, 0.474819, -0.12736, 0.780095, 0.612561, 0.302918, 0.0, 0.0, 0.0, 1.0],
                [0.977286, -0.022367, 0.210742, 0.035045, 0.184183, 0.581524, -0.792406, 0.474819, -0.104828, 0.813222, 0.572434, 0.313916, 0.0, 0.0, 0.0, 1.0],
                [0.988919, 0.024896, 0.146351, 0.042324, 0.109028, 0.547279, -0.829819, 0.474819, -0.100754, 0.83658, 0.5385, 0.318915, 0.0, 0.0, 0.0, 1.0],
                [0.989994, 0.050527, 0.131751, 0.040364, 0.085149, 0.530624, -0.843319, 0.474819, -0.11252, 0.8461, 0.521013, 0.317951, 0.0, 0.0, 0.0, 1.0],
                [0.994492, 0.077492, 0.070572, 0.026644, 0.020119, 0.519668, -0.854132, 0.474819, -0.102863, 0.850847, 0.515246, 0.311202, 0.0, 0.0, 0.0, 1.0],
                [0.93462, 0.017146, -0.355235, -0.020193, -0.313382, 0.511979, -0.799793, 0.474819, 0.168159, 0.858826, 0.48388, 0.29685, 0.0, 0.0, 0.0, 1.0],
                [0.920882, -0.006574, -0.389787, -0.029889, -0.324483, 0.541255, -0.775728, 0.473383, 0.216074, 0.840833, 0.496299, 0.295289, 0.0, 0.0, 0.0, 1.0],
                [0.913185, -0.008553, -0.407455, -0.034773, -0.323764, 0.592002, -0.738045, 0.469695, 0.247526, 0.805891, 0.537839, 0.294648, 0.0, 0.0, 0.0, 1.0],
                [0.910455, 0.000609, -0.413607, -0.036595, -0.316397, 0.645093, -0.69552, 0.46468, 0.266391, 0.764104, 0.587521, 0.294373, 0.0, 0.0, 0.0, 1.0],
                [0.910022, 0.010083, -0.414437, -0.037109, -0.308297, 0.684804, -0.6603, 0.459264, 0.27715, 0.728657, 0.626296, 0.293908, 0.0, 0.0, 0.0, 1.0],
                [0.909759, 0.012253, -0.414956, -0.037768, -0.303039, 0.702778, -0.643638, 0.454375, 0.283736, 0.711303, 0.643072, 0.292879, 0.0, 0.0, 0.0, 1.0],
                [0.909659, 0.011288, -0.415202, -0.03882, -0.301094, 0.706514, -0.640454, 0.450938, 0.286117, 0.707609, 0.646086, 0.291625, 0.0, 0.0, 0.0, 1.0],
                [0.908923, 0.012884, -0.416766, -0.040217, -0.303333, 0.706233, -0.639706, 0.448951, 0.286092, 0.707862, 0.645819, 0.290556, 0.0, 0.0, 0.0, 1.0],
                [0.907076, 0.017213, -0.420615, -0.041908, -0.309154, 0.705398, -0.637838, 0.447676, 0.285722, 0.708602, 0.645171, 0.289642, 0.0, 0.0, 0.0, 1.0],
                [0.904656, 0.023583, -0.42549, -0.043843, -0.317207, 0.704012, -0.635411, 0.446934, 0.284565, 0.709796, 0.644369, 0.288744, 0.0, 0.0, 0.0, 1.0],
                [0.902218, 0.031308, -0.430143, -0.045973, -0.326156, 0.702087, -0.633005, 0.446549, 0.28218, 0.711403, 0.643647, 0.287725, 0.0, 0.0, 0.0, 1.0],
                [0.900349, 0.039714, -0.433351, -0.048246, -0.334685, 0.699661, -0.631237, 0.446341, 0.27813, 0.713371, 0.643231, 0.286445, 0.0, 0.0, 0.0, 1.0],
                [0.899671, 0.048146, -0.433905, -0.050614, -0.341496, 0.696804, -0.630749, 0.446135, 0.271979, 0.715644, 0.643336, 0.284766, 0.0, 0.0, 0.0, 1.0],
                [0.899953, 0.056571, -0.432301, -0.053019, -0.347038, 0.693151, -0.631749, 0.445789, 0.263911, 0.718569, 0.643436, 0.282604, 0.0, 0.0, 0.0, 1.0],
                [0.900469, 0.065059, -0.430028, -0.055383, -0.352498, 0.688338, -0.633985, 0.445318, 0.254758, 0.722467, 0.64276, 0.280099, 0.0, 0.0, 0.0, 1.0],
                [0.901112, 0.073125, -0.427375, -0.057618, -0.357689, 0.682474, -0.637407, 0.444776, 0.245062, 0.727243, 0.641142, 0.277445, 0.0, 0.0, 0.0, 1.0],
                [0.901801, 0.080284, -0.424628, -0.05964, -0.362429, 0.675673, -0.641959, 0.444214, 0.235371, 0.732817, 0.63842, 0.274837, 0.0, 0.0, 0.0, 1.0],
                [0.902472, 0.08605, -0.422067, -0.061362, -0.366553, 0.66805, -0.647571, 0.443685, 0.226238, 0.739124, 0.634438, 0.272471, 0.0, 0.0, 0.0, 1.0],
                [0.903076, 0.089938, -0.419957, -0.062698, -0.369909, 0.659721, -0.654168, 0.443242, 0.21822, 0.746109, 0.629047, 0.270539, 0.0, 0.0, 0.0, 1.0],
                [0.903576, 0.091458, -0.418551, -0.063563, -0.372367, 0.6508, -0.661666, 0.442938, 0.211879, 0.75372, 0.622104, 0.269237, 0.0, 0.0, 0.0, 1.0],
                [0.903931, 0.090115, -0.418076, -0.06387, -0.373814, 0.641395, -0.669981, 0.442825, 0.207777, 0.7619, 0.613464, 0.26876, 0.0, 0.0, 0.0, 1.0],
                [0.904589, 0.086123, -0.417494, -0.06387, -0.373673, 0.631529, -0.679367, 0.442825, 0.20515, 0.770554, 0.603456, 0.26876, 0.0, 0.0, 0.0, 1.0],
                [0.906042, 0.080164, -0.415525, -0.06387, -0.371406, 0.62127, -0.689986, 0.442825, 0.202842, 0.779485, 0.59267, 0.26876, 0.0, 0.0, 0.0, 1.0],
                [0.908295, 0.072443, -0.41201, -0.06387, -0.366975, 0.610786, -0.701619, 0.442825, 0.200822, 0.788475, 0.581358, 0.26876, 0.0, 0.0, 0.0, 1.0],
                [0.911335, 0.063168, -0.40679, -0.06387, -0.360334, 0.600242, -0.714051, 0.442825, 0.199067, 0.79732, 0.569783, 0.26876, 0.0, 0.0, 0.0, 1.0],
                [0.915137, 0.052542, -0.399705, -0.06387, -0.351426, 0.589805, -0.72707, 0.442825, 0.197547, 0.805835, 0.558216, 0.26876, 0.0, 0.0, 0.0, 1.0],
                [0.919655, 0.040764, -0.390605, -0.06387, -0.340189, 0.579647, -0.74046, 0.442825, 0.196229, 0.813848, 0.546943, 0.26876, 0.0, 0.0, 0.0, 1.0],
                [0.924832, 0.028028, -0.379341, -0.06387, -0.326547, 0.569943, -0.75401, 0.442825, 0.19507, 0.821206, 0.536255, 0.26876, 0.0, 0.0, 0.0, 1.0],
                [0.930591, 0.014516, -0.365774, -0.06387, -0.310419, 0.560878, -0.7675, 0.442825, 0.194013, 0.827771, 0.526454, 0.26876, 0.0, 0.0, 0.0, 1.0],
                [0.936836, 0.000399, -0.34977, -0.06387, -0.291712, 0.552637, -0.780703, 0.442825, 0.192984, 0.833422, 0.517846, 0.26876, 0.0, 0.0, 0.0, 1.0],
                [0.943453, -0.014169, -0.331203, -0.06387, -0.270327, 0.545415, -0.793376, 0.442825, 0.191885, 0.838046, 0.510743, 0.26876, 0.0, 0.0, 0.0, 1.0],
                [0.950306, -0.029053, -0.309957, -0.06387, -0.246156, 0.539414, -0.805258, 0.442825, 0.19059, 0.841539, 0.505457, 0.26876, 0.0, 0.0, 0.0, 1.0],
                [0.957236, -0.044143, -0.285919, -0.06387, -0.219087, 0.534835, -0.816059, 0.442825, 0.188943, 0.843803, 0.502293, 0.26876, 0.0, 0.0, 0.0, 1.0],
                [0.964055, -0.059353, -0.258988, -0.06387, -0.189007, 0.531886, -0.825453, 0.442825, 0.186745, 0.844733, 0.50155, 0.26876, 0.0, 0.0, 0.0, 1.0],
                [0.970544, -0.07463, -0.229071, -0.06387, -0.155809, 0.530774, -0.833068, 0.442825, 0.183757, 0.844221, 0.503512, 0.26876, 0.0, 0.0, 0.0, 1.0],
                [0.976429, -0.089987, -0.196187, -0.06387, -0.119618, 0.530988, -0.838894, 0.442825, 0.179663, 0.842588, 0.507707, 0.270897, 0.0, 0.0, 0.0, 1.0],
                [0.981304, -0.105298, -0.161105, -0.063866, -0.081353, 0.531676, -0.843032, 0.442825, 0.174425, 0.840377, 0.513169, 0.276969, 0.0, 0.0, 0.0, 1.0],
                [0.984849, -0.120313, -0.12489, -0.063855, -0.042137, 0.53257, -0.845336, 0.442825, 0.168218, 0.837791, 0.519431, 0.28647, 0.0, 0.0, 0.0, 1.0],
                [0.986906, -0.134758, -0.088636, -0.063834, -0.003124, 0.533454, -0.845823, 0.442825, 0.161265, 0.835025, 0.526048, 0.298893, 0.0, 0.0, 0.0, 1.0],
                [0.987492, -0.148339, -0.053441, -0.0638, 0.034529, 0.534165, -0.844675, 0.442825, 0.153844, 0.832264, 0.532605, 0.31373, 0.0, 0.0, 0.0, 1.0],
                [0.986785, -0.160745, -0.020383, -0.063748, 0.069687, 0.534592, -0.842232, 0.442825, 0.146281, 0.829682, 0.538729, 0.330476, 0.0, 0.0, 0.0, 1.0],
                [0.98511, -0.17166, 0.009496, -0.063676, 0.101256, 0.534669, -0.838973, 0.442825, 0.138941, 0.827443, 0.54409, 0.348623, 0.0, 0.0, 0.0, 1.0],
                [0.982896, -0.180766, 0.035202, -0.06358, 0.128197, 0.534363, -0.835477, 0.442825, 0.132215, 0.8257, 0.548397, 0.367663, 0.0, 0.0, 0.0, 1.0],
                [0.980632, -0.187746, 0.055783, -0.063457, 0.149519, 0.533653, -0.832381, 0.442825, 0.126507, 0.8246, 0.551389, 0.387091, 0.0, 0.0, 0.0, 1.0],
                [0.978816, -0.192289, 0.070318, -0.063303, 0.164264, 0.532518, -0.830326, 0.442825, 0.122217, 0.824287, 0.552823, 0.406399, 0.0, 0.0, 0.0, 1.0],
                [0.97866, -0.187732, 0.083556, -0.059112, 0.171793, 0.524387, -0.833969, 0.442853, 0.112747, 0.830527, 0.545448, 0.425168, 0.0, 0.0, 0.0, 1.0],
                [0.980469, -0.169432, 0.099865, -0.048033, 0.173299, 0.504193, -0.846024, 0.443052, 0.092992, 0.846807, 0.523708, 0.443323, 0.0, 0.0, 0.0, 1.0],
                [0.983152, -0.140081, 0.117431, -0.03179, 0.1707, 0.473821, -0.863918, 0.443591, 0.065378, 0.869408, 0.48975, 0.46088, 0.0, 0.0, 0.0, 1.0],
                [0.985614, -0.102588, 0.134315, -0.012111, 0.165889, 0.435155, -0.884941, 0.444641, 0.032337, 0.894492, 0.445913, 0.477851, 0.0, 0.0, 0.0, 1.0],
                [0.987026, -0.060251, 0.148825, 0.009277, 0.16052, 0.39045, -0.906522, 0.446372, -0.00349, 0.91865, 0.395056, 0.494251, 0.0, 0.0, 0.0, 1.0],
                [0.987004, -0.016753, 0.159819, 0.030648, 0.155836, 0.342488, -0.926508, 0.448955, -0.039215, 0.939373, 0.340648, 0.510093, 0.0, 0.0, 0.0, 1.0],
                [0.985683, 0.024004, 0.166892, 0.050276, 0.152559, 0.294516, -0.943391, 0.452559, -0.071798, 0.955345, 0.286637, 0.525392, 0.0, 0.0, 0.0, 1.0],
                [0.983661, 0.058123, 0.17039, 0.066434, 0.150893, 0.25005, -0.956403, 0.457355, -0.098194, 0.966487, 0.237194, 0.54016, 0.0, 0.0, 0.0, 1.0],
                [0.981822, 0.081878, 0.171234, 0.077394, 0.150644, 0.212654, -0.965445, 0.463513, -0.115462, 0.973691, 0.196454, 0.554412, 0.0, 0.0, 0.0, 1.0],
                [0.981061, 0.091739, 0.170594, 0.081432, 0.151445, 0.185788, -0.970849, 0.471204, -0.120759, 0.978298, 0.168376, 0.568161, 0.0, 0.0, 0.0, 1.0],
                [0.981372, 0.092991, 0.168111, 0.081399, 0.151176, 0.166184, -0.974438, 0.482467, -0.118551, 0.9817, 0.14903, 0.581419, 0.0, 0.0, 0.0, 1.0],
                [0.982227, 0.093214, 0.162916, 0.081306, 0.148107, 0.148293, -0.97779, 0.498826, -0.115303, 0.984541, 0.131851, 0.594183, 0.0, 0.0, 0.0, 1.0],
                [0.983529, 0.092426, 0.155333, 0.081155, 0.142516, 0.13205, -0.980944, 0.519677, -0.111176, 0.986925, 0.116703, 0.606447, 0.0, 0.0, 0.0, 1.0],
                [0.98517, 0.090661, 0.145676, 0.08095, 0.134686, 0.117393, -0.98391, 0.544417, -0.106304, 0.988939, 0.103441, 0.618206, 0.0, 0.0, 0.0, 1.0],
                [0.987034, 0.087977, 0.13425, 0.080697, 0.124908, 0.104262, -0.986675, 0.572444, -0.100802, 0.990651, 0.091921, 0.629455, 0.0, 0.0, 0.0, 1.0],
                [0.98901, 0.084444, 0.121356, 0.080398, 0.113475, 0.092596, -0.989216, 0.603153, -0.09477, 0.992116, 0.081996, 0.640189, 0.0, 0.0, 0.0, 1.0],
                [0.990992, 0.080144, 0.107294, 0.080058, 0.100691, 0.082336, -0.991505, 0.635941, -0.088297, 0.993377, 0.073524, 0.650402, 0.0, 0.0, 0.0, 1.0],
                [0.992884, 0.075169, 0.092363, 0.079681, 0.086863, 0.073417, -0.993511, 0.670206, -0.081462, 0.994464, 0.066365, 0.660088, 0.0, 0.0, 0.0, 1.0],
                [0.994608, 0.06962, 0.076862, 0.079272, 0.072305, 0.065773, -0.995211, 0.705344, -0.074342, 0.995403, 0.060384, 0.669244, 0.0, 0.0, 0.0, 1.0],
                [0.996104, 0.063603, 0.061092, 0.078833, 0.057334, 0.059331, -0.99659, 0.740751, -0.067011, 0.99621, 0.055454, 0.677862, 0.0, 0.0, 0.0, 1.0],
                [0.99733, 0.057225, 0.045356, 0.07837, 0.042271, 0.054013, -0.997645, 0.775824, -0.05954, 0.996899, 0.05145, 0.685937, 0.0, 0.0, 0.0, 1.0],
                [0.99827, 0.050597, 0.029957, 0.077887, 0.02744, 0.049732, -0.998386, 0.80996, -0.052005, 0.99748, 0.048257, 0.693465, 0.0, 0.0, 0.0, 1.0],
                [0.998923, 0.043827, 0.0152, 0.077386, 0.013164, 0.046394, -0.998836, 0.842556, -0.044481, 0.997961, 0.045767, 0.70044, 0.0, 0.0, 0.0, 1.0],
                [0.999313, 0.037023, 0.001392, 0.076874, -0.000234, 0.043898, -0.999036, 0.873009, -0.037049, 0.99835, 0.043877, 0.706857, 0.0, 0.0, 0.0, 1.0],
                [0.999479, 0.030288, -0.011162, 0.076353, -0.012434, 0.042136, -0.999035, 0.900714, -0.029789, 0.998653, 0.042491, 0.71271, 0.0, 0.0, 0.0, 1.0],
                [0.999473, 0.023722, -0.022157, 0.075828, -0.023117, 0.040992, -0.998892, 0.925069, -0.022787, 0.998878, 0.041519, 0.717993, 0.0, 0.0, 0.0, 1.0],
                [0.999359, 0.017419, -0.031289, 0.075304, -0.031971, 0.040346, -0.998674, 0.945471, -0.016134, 0.999034, 0.040877, 0.722702, 0.0, 0.0, 0.0, 1.0],
                [0.999202, 0.01147, -0.038252, 0.074783, -0.038683, 0.040073, -0.998447, 0.961316, -0.009919, 0.999131, 0.040485, 0.726831, 0.0, 0.0, 0.0, 1.0],
                [0.999068, 0.005961, -0.042741, 0.07427, -0.042946, 0.040046, -0.998275, 0.972001, -0.004239, 0.99918, 0.040265, 0.730375, 0.0, 0.0, 0.0, 1.0],
                [0.999011, 0.000974, -0.044449, 0.073769, -0.044453, 0.040135, -0.998205, 0.976923, 0.000811, 0.999194, 0.040139, 0.733329, 0.0, 0.0, 0.0, 1.0],
                [0.998997, -0.003397, -0.044646, 0.073284, -0.044474, 0.040232, -0.9982, 0.978577, 0.005187, 0.999185, 0.04004, 0.735728, 0.0, 0.0, 0.0, 1.0],
                [0.99897, -0.007142, -0.044809, 0.072816, -0.044486, 0.040312, -0.998196, 0.97989, 0.008936, 0.999162, 0.039953, 0.73765, 0.0, 0.0, 0.0, 1.0],
                [0.998937, -0.010301, -0.04494, 0.072364, -0.04449, 0.040374, -0.998193, 0.980902, 0.012096, 0.999132, 0.039873, 0.739146, 0.0, 0.0, 0.0, 1.0],
                [0.998901, -0.012911, -0.045043, 0.071929, -0.044489, 0.040416, -0.998192, 0.981655, 0.014708, 0.9991, 0.039797, 0.740271, 0.0, 0.0, 0.0, 1.0],
                [0.998869, -0.015013, -0.045121, 0.071511, -0.044483, 0.040435, -0.998191, 0.982191, 0.01681, 0.999069, 0.039721, 0.741076, 0.0, 0.0, 0.0, 1.0],
                [0.99884, -0.016645, -0.045178, 0.07111, -0.044475, 0.04043, -0.998192, 0.98255, 0.018441, 0.999043, 0.039643, 0.741617, 0.0, 0.0, 0.0, 1.0],
                [0.998818, -0.017847, -0.045217, 0.070727, -0.044466, 0.0404, -0.998194, 0.982774, 0.019642, 0.999024, 0.039559, 0.741944, 0.0, 0.0, 0.0, 1.0],
                [0.998802, -0.018658, -0.04524, 0.070361, -0.044459, 0.040342, -0.998196, 0.982906, 0.020449, 0.999011, 0.039464, 0.742112, 0.0, 0.0, 0.0, 1.0],
                [0.998792, -0.019117, -0.045251, 0.070013, -0.044453, 0.040254, -0.9982, 0.982985, 0.020904, 0.999007, 0.039356, 0.742174, 0.0, 0.0, 0.0, 1.0],
                [0.99879, -0.019264, -0.045253, 0.069683, -0.044453, 0.040135, -0.998205, 0.983053, 0.021045, 0.999008, 0.03923, 0.742183, 0.0, 0.0, 0.0, 1.0],
                [0.998793, -0.019115, -0.04525, 0.06937, -0.044458, 0.039974, -0.998211, 0.983145, 0.020889, 0.999018, 0.039076, 0.742183, 0.0, 0.0, 0.0, 1.0],
                [0.998801, -0.018682, -0.045246, 0.069076, -0.044476, 0.039762, -0.998219, 0.983267, 0.020448, 0.999035, 0.038884, 0.742184, 0.0, 0.0, 0.0, 1.0],
                [0.998814, -0.017997, -0.045247, 0.068798, -0.044508, 0.039505, -0.998228, 0.983417, 0.019752, 0.999057, 0.038657, 0.742186, 0.0, 0.0, 0.0, 1.0],
                [0.998829, -0.017091, -0.045259, 0.068538, -0.044561, 0.039203, -0.998237, 0.983594, 0.018835, 0.999085, 0.038396, 0.742189, 0.0, 0.0, 0.0, 1.0],
                [0.998846, -0.015995, -0.045288, 0.068294, -0.044639, 0.038861, -0.998247, 0.983798, 0.017727, 0.999117, 0.038102, 0.742195, 0.0, 0.0, 0.0, 1.0],
                [0.998863, -0.014742, -0.04534, 0.068066, -0.044745, 0.038482, -0.998257, 0.984026, 0.016461, 0.99915, 0.037779, 0.742203, 0.0, 0.0, 0.0, 1.0],
                [0.998878, -0.013363, -0.045421, 0.067854, -0.044884, 0.038069, -0.998266, 0.984278, 0.015069, 0.999186, 0.037426, 0.742215, 0.0, 0.0, 0.0, 1.0],
                [0.998892, -0.011888, -0.045537, 0.067657, -0.045061, 0.037624, -0.998275, 0.984552, 0.013581, 0.999221, 0.037047, 0.74223, 0.0, 0.0, 0.0, 1.0],
                [0.998902, -0.01035, -0.045693, 0.067476, -0.04528, 0.037152, -0.998283, 0.984847, 0.01203, 0.999256, 0.036642, 0.74225, 0.0, 0.0, 0.0, 1.0],
                [0.998907, -0.00878, -0.045896, 0.067308, -0.045545, 0.036654, -0.99829, 0.985163, 0.010448, 0.999289, 0.036214, 0.742275, 0.0, 0.0, 0.0, 1.0],
                [0.998908, -0.00721, -0.046151, 0.067155, -0.045862, 0.036134, -0.998294, 0.985497, 0.008866, 0.999321, 0.035764, 0.742305, 0.0, 0.0, 0.0, 1.0],
                [0.998904, -0.005671, -0.046464, 0.067016, -0.046233, 0.035596, -0.998296, 0.985849, 0.007315, 0.99935, 0.035295, 0.742342, 0.0, 0.0, 0.0, 1.0],
                [0.998894, -0.004195, -0.04684, 0.06689, -0.046665, 0.035041, -0.998296, 0.986218, 0.005829, 0.999377, 0.034807, 0.742385, 0.0, 0.0, 0.0, 1.0],
                [0.998877, -0.002813, -0.047287, 0.066777, -0.047162, 0.034474, -0.998292, 0.986601, 0.004438, 0.999402, 0.034302, 0.742435, 0.0, 0.0, 0.0, 1.0],
                [0.998855, -0.001557, -0.047808, 0.066676, -0.047728, 0.033897, -0.998285, 0.986999, 0.003174, 0.999424, 0.033784, 0.742493, 0.0, 0.0, 0.0, 1.0],
                [0.998827, -0.000458, -0.04841, 0.066588, -0.048368, 0.033313, -0.998274, 0.98741, 0.00207, 0.999445, 0.033252, 0.742559, 0.0, 0.0, 0.0, 1.0],
                [0.998794, 0.000452, -0.049098, 0.066512, -0.049087, 0.032726, -0.998258, 0.987832, 0.001156, 0.999464, 0.032709, 0.742634, 0.0, 0.0, 0.0, 1.0],
                [0.998755, 0.001141, -0.049879, 0.066447, -0.04989, 0.03214, -0.998237, 0.988265, 0.000464, 0.999483, 0.032157, 0.742718, 0.0, 0.0, 0.0, 1.0],
                [0.99871, 0.001579, -0.050756, 0.066393, -0.050781, 0.031556, -0.998211, 0.988708, 2.6e-05, 0.999501, 0.031596, 0.742812, 0.0, 0.0, 0.0, 1.0],
                [0.998659, 0.001732, -0.051737, 0.066349, -0.051765, 0.03098, -0.998179, 0.989158, -0.000126, 0.999519, 0.031028, 0.742917, 0.0, 0.0, 0.0, 1.0],
                [0.998586, 0.001693, -0.053125, 0.066312, -0.053152, 0.030409, -0.998123, 0.989615, -7.4e-05, 0.999536, 0.030455, 0.743055, 0.0, 0.0, 0.0, 1.0],
                [0.998475, 0.001576, -0.055172, 0.066278, -0.055194, 0.02983, -0.99803, 0.990078, 7.3e-05, 0.999554, 0.029871, 0.743246, 0.0, 0.0, 0.0, 1.0],
                [0.998327, 0.00139, -0.057797, 0.066245, -0.057813, 0.029233, -0.997899, 0.990546, 0.000302, 0.999572, 0.029264, 0.743488, 0.0, 0.0, 0.0, 1.0],
                [0.998142, 0.001142, -0.060922, 0.066214, -0.06093, 0.028605, -0.997732, 0.991017, 0.000603, 0.99959, 0.028621, 0.743776, 0.0, 0.0, 0.0, 1.0],
                [0.997919, 0.000839, -0.064468, 0.066185, -0.064466, 0.027935, -0.997529, 0.99149, 0.000964, 0.999609, 0.027931, 0.744106, 0.0, 0.0, 0.0, 1.0],
                [0.997661, 0.000489, -0.068355, 0.066159, -0.068343, 0.027212, -0.997291, 0.991964, 0.001372, 0.999629, 0.027182, 0.744476, 0.0, 0.0, 0.0, 1.0],
                [0.997368, 0.0001, -0.072504, 0.066134, -0.072481, 0.026424, -0.99702, 0.992437, 0.001816, 0.999651, 0.026362, 0.744882, 0.0, 0.0, 0.0, 1.0],
                [0.997044, -0.000323, -0.076836, 0.06611, -0.076803, 0.025559, -0.996719, 0.99291, 0.002285, 0.999673, 0.025459, 0.74532, 0.0, 0.0, 0.0, 1.0],
                [0.996692, -0.00077, -0.081272, 0.066089, -0.081229, 0.024606, -0.996392, 0.99338, 0.002767, 0.999697, 0.024462, 0.745786, 0.0, 0.0, 0.0, 1.0],
                [0.996317, -0.001235, -0.085734, 0.066069, -0.085681, 0.023552, -0.996044, 0.993845, 0.00325, 0.999722, 0.023359, 0.746278, 0.0, 0.0, 0.0, 1.0],
                [0.995928, -0.001711, -0.090142, 0.066051, -0.090081, 0.022385, -0.995683, 0.994306, 0.003722, 0.999748, 0.02214, 0.746791, 0.0, 0.0, 0.0, 1.0],
                [0.99553, -0.00219, -0.094417, 0.066034, -0.09435, 0.021093, -0.995315, 0.994761, 0.004171, 0.999775, 0.020793, 0.747323, 0.0, 0.0, 0.0, 1.0],
                [0.995135, -0.002664, -0.098481, 0.066019, -0.09841, 0.019665, -0.994952, 0.995208, 0.004587, 0.999803, 0.019307, 0.747868, 0.0, 0.0, 0.0, 1.0],
                [0.994753, -0.003126, -0.102256, 0.066005, -0.102183, 0.018086, -0.994601, 0.995647, 0.004959, 0.999832, 0.017672, 0.748425, 0.0, 0.0, 0.0, 1.0],
                [0.994396, -0.003567, -0.105663, 0.065992, -0.105591, 0.016346, -0.994275, 0.996076, 0.005274, 0.99986, 0.015878, 0.748989, 0.0, 0.0, 0.0, 1.0],
                [0.994075, -0.00398, -0.108624, 0.065981, -0.108556, 0.01443, -0.993986, 0.996494, 0.005523, 0.999888, 0.013913, 0.749557, 0.0, 0.0, 0.0, 1.0],
