{
    "animation": [
        {
            "name": "Root",
            "time": [0.0, 0.0167, 0.0333, 0.05, 0.0667, 0.0833, 0.1, 0.1167, 0.1333, 0.15, 0.1667, 0.1833, 0.2, 0.2167, 0.2333, 0.25, 0.2667, 0.2833, 0.3, 0.3167, 0.3333, 0.35, 0.3667, 0.3833, 0.4, 0.4167, 0.4333, 0.45, 0.4667, 0.4833, 0.5, 0.5167, 0.5333, 0.55, 0.5667, 0.5833, 0.6, 0.6167, 0.6333, 0.65, 0.6667, 0.6833, 0.7, 0.7167, 0.7333, 0.75, 0.7667, 0.7833, 0.8, 0.8167, 0.8333, 0.85, 0.8667, 0.8833, 0.9, 0.9167, 0.9333, 0.95, 0.9667, 0.9833, 1.0, 1.0167, 1.0333, 1.05, 1.0667, 1.0833, 1.1, 1.1167, 1.1333, 1.15, 1.1667, 1.1833, 1.2, 1.2167, 1.2333, 1.25, 1.2667, 1.2833, 1.3, 1.3167, 1.3333, 1.35, 1.3667, 1.3833, 1.4, 1.4167, 1.4333, 1.45, 1.4667, 1.4833, 1.5, 1.5167, 1.5333, 1.55, 1.5667, 1.5833, 1.6, 1.6167, 1.6333, 1.65, 1.6667, 1.6833, 1.7, 1.7167, 1.7333, 1.75, 1.7667, 1.7833, 1.8, 1.8167, 1.8333, 1.85, 1.8667, 1.8833, 1.9, 1.9167, 1.9333, 1.95, 1.9667, 1.9833, 2.0, 2.0167, 2.0333, 2.05, 2.0667, 2.0833, 2.1, 2.1167, 2.1333, 2.15, 2.1667, 2.1833, 2.2, 2.2167, 2.2333, 2.25, 2.2667, 2.2833, 2.3, 2.3167, 2.3333, 2.35, 2.3667, 2.3833, 2.4, 2.4167, 2.4333, 2.45, 2.4667, 2.4833, 2.5, 2.5167, 2.5333, 2.55, 2.5667, 2.5833, 2.6, 2.6167, 2.6333, 2.65, 2.6667, 2.6833, 2.7, 2.7167, 2.7333, 2.75, 2.7667, 2.7833, 2.8, 2.8167, 2.8333, 2.85, 2.8667, 2.8833, 2.9, 2.9167, 2.9333, 2.95, 2.9667, 2.9833, 3.0, 3.0167, 3.0333, 3.05, 3.0667, 3.0833, 3.1, 3.1167, 3.1333, 3.15, 3.1667, 3.1833, 3.2, 3.2167, 3.2333, 3.25, 3.2667, 3.2833, 3.3, 3.3167, 3.3333, 3.35, 3.3667, 3.3833, 3.4, 3.4167, 3.4333, 3.45, 3.4667, 3.4833, 3.5, 3.5167, 3.5333, 3.55, 3.5667, 3.5833, 3.6, 3.6167, 3.6333, 3.65, 3.6667, 3.6833, 3.7, 3.7167, 3.7333, 3.75, 3.7667, 3.7833, 3.8, 3.8167, 3.8333, 3.85, 3.8667, 3.8833, 3.9, 3.9167, 3.9333, 3.95, 3.9667, 3.9833, 4.0, 4.0167, 4.0333, 4.05, 4.0667, 4.0833, 4.1, 4.1167, 4.1333, 4.15, 4.1667, 4.1833, 4.2, 4.2167, 4.2333, 4.25, 4.2667, 4.2833, 4.3, 4.3167, 4.3333, 4.35, 4.3667, 4.3833, 4.4, 4.4167, 4.4333, 4.45, 4.4667, 4.4833, 4.5, 4.5167, 4.5333, 4.55, 4.5667, 4.5833, 4.6, 4.6167, 4.6333, 4.65, 4.6667],
            "transform": [
                [0.995047, 0.00395, -0.099325, -0.004083, -0.099163, -0.030107, -0.994616, 0.000783, -0.006919, 0.999539, -0.029566, 0.756398, 0.0, 0.0, 0.0, 1.0],
                [0.997925, 0.000596, -0.064389, -0.002178, -0.064361, -0.021452, -0.997696, -0.009611, -0.001976, 0.99977, -0.021369, 0.753953, 0.0, 0.0, 0.0, 1.0],
                [0.999473, -0.010016, 0.030881, 0.002794, 0.030886, 0.000376, -0.999523, -0.035597, 0.01, 0.99995, 0.000685, 0.747372, 0.0, 0.0, 0.0, 1.0],
                [0.98487, -0.029205, 0.170816, 0.009718, 0.171637, 0.028394, -0.984751, -0.069379, 0.023909, 0.99917, 0.032977, 0.737784, 0.0, 0.0, 0.0, 1.0],
                [0.94028, -0.056905, 0.335612, 0.017478, 0.338594, 0.054871, -0.939331, -0.103161, 0.035037, 0.996871, 0.070862, 0.72632, 0.0, 0.0, 0.0, 1.0],
                [0.859877, -0.09016, 0.502476, 0.024959, 0.508863, 0.072615, -0.857779, -0.129146, 0.04085, 0.993277, 0.108319, 0.714108, 0.0, 0.0, 0.0, 1.0],
                [0.748843, -0.123339, 0.65117, 0.031046, 0.661409, 0.076672, -0.746096, -0.139541, 0.042097, 0.989398, 0.138993, 0.702278, 0.0, 0.0, 0.0, 1.0],
                [0.619413, -0.151804, 0.770249, 0.03499, 0.784007, 0.068672, -0.616942, -0.138002, 0.04076, 0.986022, 0.161551, 0.691694, 0.0, 0.0, 0.0, 1.0],
                [0.481096, -0.175053, 0.859013, 0.037503, 0.875862, 0.053959, -0.479536, -0.13368, 0.037593, 0.983079, 0.179282, 0.682147, 0.0, 0.0, 0.0, 1.0],
                [0.341507, -0.193135, 0.919822, 0.039663, 0.939281, 0.03522, -0.341337, -0.127013, 0.033528, 0.98054, 0.193435, 0.673161, 0.0, 0.0, 0.0, 1.0],
                [0.207477, -0.206748, 0.956142, 0.04255, 0.977809, 0.01483, -0.208972, -0.11844, 0.029025, 0.978282, 0.205237, 0.664263, 0.0, 0.0, 0.0, 1.0],
                [0.08495, -0.217131, 0.972439, 0.047241, 0.996092, -0.005175, -0.088172, -0.1084, 0.024177, 0.976129, 0.215842, 0.654976, 0.0, 0.0, 0.0, 1.0],
                [-0.021102, -0.225928, 0.973916, 0.054815, 0.9996, -0.023094, 0.016302, -0.097334, 0.018808, 0.97387, 0.226325, 0.644825, 0.0, 0.0, 0.0, 1.0],
                [-0.106615, -0.235056, 0.966117, 0.06635, 0.994221, -0.03749, 0.100595, -0.08568, 0.012574, 0.971259, 0.237695, 0.633336, 0.0, 0.0, 0.0, 1.0],
                [-0.168168, -0.24655, 0.954428, 0.082926, 0.985745, -0.047045, 0.161534, -0.073876, 0.005075, 0.967988, 0.250947, 0.620033, 0.0, 0.0, 0.0, 1.0],
                [-0.212991, -0.261346, 0.941453, 0.10751, 0.97704, -0.051861, 0.206645, -0.062304, -0.005181, 0.963851, 0.266392, 0.604605, 0.0, 0.0, 0.0, 1.0],
                [-0.250604, -0.278836, 0.927064, 0.141085, 0.967902, -0.053312, 0.245608, -0.0511, -0.01906, 0.958858, 0.283246, 0.587393, 0.0, 0.0, 0.0, 1.0],
                [-0.281341, -0.298621, 0.911961, 0.181745, 0.958935, -0.051914, 0.278833, -0.040343, -0.035922, 0.952959, 0.300964, 0.568905, 0.0, 0.0, 0.0, 1.0],
                [-0.30564, -0.320196, 0.896693, 0.227585, 0.950553, -0.048151, 0.306805, -0.030111, -0.055061, 0.946127, 0.31908, 0.549647, 0.0, 0.0, 0.0, 1.0],
                [-0.324027, -0.342986, 0.881684, 0.276699, 0.943011, -0.042479, 0.33004, -0.020482, -0.075746, 0.938379, 0.337204, 0.530125, 0.0, 0.0, 0.0, 1.0],
                [-0.337097, -0.366379, 0.867256, 0.327183, 0.936435, -0.035339, 0.349057, -0.011535, -0.09724, 0.929794, 0.355003, 0.510845, 0.0, 0.0, 0.0, 1.0],
                [-0.34551, -0.389752, 0.853649, 0.377131, 0.930861, -0.027158, 0.364362, -0.003347, -0.118827, 0.920519, 0.372189, 0.492314, 0.0, 0.0, 0.0, 1.0],
                [-0.34998, -0.412497, 0.841047, 0.424639, 0.926262, -0.018366, 0.376432, 0.004002, -0.139831, 0.910774, 0.388508, 0.475037, 0.0, 0.0, 0.0, 1.0],
                [-0.351263, -0.434037, 0.829594, 0.4678, 0.92257, -0.009393, 0.385716, 0.010436, -0.159623, 0.900846, 0.403729, 0.459521, 0.0, 0.0, 0.0, 1.0],
                [-0.350147, -0.453843, 0.819405, 0.50471, 0.919698, -0.000681, 0.392627, 0.015875, -0.177633, 0.891081, 0.417637, 0.446273, 0.0, 0.0, 0.0, 1.0],
                [-0.347442, -0.471432, 0.810578, 0.533951, 0.917551, 0.007317, 0.39755, 0.020241, -0.193349, 0.881872, 0.430021, 0.435703, 0.0, 0.0, 0.0, 1.0],
                [-0.343966, -0.48637, 0.803201, 0.556055, 0.916036, 0.014133, 0.400846, 0.023457, -0.206311, 0.873639, 0.440671, 0.427847, 0.0, 0.0, 0.0, 1.0],
                [-0.340534, -0.49826, 0.797355, 0.57204, 0.915061, 0.019285, 0.402855, 0.025444, -0.216104, 0.866813, 0.44937, 0.422644, 0.0, 0.0, 0.0, 1.0],
                [-0.337942, -0.506724, 0.793112, 0.582926, 0.914529, 0.022273, 0.403907, 0.026124, -0.222335, 0.861821, 0.455887, 0.420033, 0.0, 0.0, 0.0, 1.0],
                [-0.336228, -0.512511, 0.790116, 0.590235, 0.914317, 0.02349, 0.404318, 0.026124, -0.225777, 0.85836, 0.460699, 0.418909, 0.0, 0.0, 0.0, 1.0],
                [-0.334918, -0.516777, 0.787891, 0.595135, 0.914312, 0.02386, 0.404307, 0.026124, -0.227736, 0.855788, 0.464504, 0.418155, 0.0, 0.0, 0.0, 1.0],
                [-0.334011, -0.519751, 0.786318, 0.598107, 0.914425, 0.023656, 0.404065, 0.026124, -0.228614, 0.85399, 0.467371, 0.417698, 0.0, 0.0, 0.0, 1.0],
                [-0.333504, -0.52165, 0.785275, 0.599633, 0.914561, 0.023145, 0.403786, 0.026124, -0.22881, 0.852846, 0.469361, 0.417463, 0.0, 0.0, 0.0, 1.0],
                [-0.333385, -0.522685, 0.784637, 0.600196, 0.914627, 0.022595, 0.403668, 0.026124, -0.22872, 0.852226, 0.470529, 0.417376, 0.0, 0.0, 0.0, 1.0],
                [-0.333641, -0.523065, 0.784274, 0.600276, 0.914529, 0.022273, 0.403908, 0.026124, -0.228738, 0.852001, 0.470927, 0.417364, 0.0, 0.0, 0.0, 1.0],
                [-0.334114, -0.523175, 0.784, 0.600276, 0.914293, 0.022187, 0.404446, 0.026124, -0.22899, 0.851936, 0.470922, 0.417364, 0.0, 0.0, 0.0, 1.0],
                [-0.334651, -0.523262, 0.783713, 0.600276, 0.91401, 0.022161, 0.405085, 0.026124, -0.229334, 0.851884, 0.47085, 0.417364, 0.0, 0.0, 0.0, 1.0],
                [-0.335243, -0.523328, 0.783415, 0.600276, 0.913685, 0.022194, 0.405815, 0.026124, -0.229762, 0.851842, 0.470717, 0.417364, 0.0, 0.0, 0.0, 1.0],
                [-0.335886, -0.523376, 0.783108, 0.600276, 0.913322, 0.022281, 0.406627, 0.026124, -0.230268, 0.851811, 0.470526, 0.417364, 0.0, 0.0, 0.0, 1.0],
                [-0.336571, -0.523405, 0.782795, 0.600276, 0.912925, 0.02242, 0.407512, 0.026124, -0.230844, 0.851789, 0.470284, 0.417364, 0.0, 0.0, 0.0, 1.0],
                [-0.337292, -0.523419, 0.782475, 0.600276, 0.912496, 0.022607, 0.40846, 0.026124, -0.231485, 0.851776, 0.469992, 0.417364, 0.0, 0.0, 0.0, 1.0],
                [-0.338042, -0.523417, 0.782152, 0.600276, 0.912041, 0.022837, 0.409462, 0.026124, -0.232182, 0.85177, 0.469658, 0.417364, 0.0, 0.0, 0.0, 1.0],
                [-0.338816, -0.523403, 0.781826, 0.600276, 0.911563, 0.023109, 0.41051, 0.026124, -0.232929, 0.851772, 0.469286, 0.417364, 0.0, 0.0, 0.0, 1.0],
                [-0.339606, -0.523377, 0.781501, 0.600276, 0.911067, 0.023418, 0.411592, 0.026124, -0.233719, 0.851779, 0.468879, 0.417364, 0.0, 0.0, 0.0, 1.0],
                [-0.340405, -0.523341, 0.781178, 0.600276, 0.910556, 0.023761, 0.412701, 0.026124, -0.234546, 0.851792, 0.468443, 0.417364, 0.0, 0.0, 0.0, 1.0],
                [-0.341207, -0.523297, 0.780857, 0.600276, 0.910035, 0.024135, 0.413828, 0.026124, -0.235401, 0.851809, 0.467984, 0.417364, 0.0, 0.0, 0.0, 1.0],
                [-0.342006, -0.523245, 0.780543, 0.600276, 0.909508, 0.024537, 0.414962, 0.026124, -0.236279, 0.851829, 0.467504, 0.417364, 0.0, 0.0, 0.0, 1.0],
                [-0.342793, -0.523188, 0.780235, 0.600276, 0.908979, 0.024962, 0.416095, 0.026124, -0.237172, 0.851852, 0.46701, 0.417364, 0.0, 0.0, 0.0, 1.0],
                [-0.343564, -0.523127, 0.779937, 0.600276, 0.908452, 0.025407, 0.417217, 0.026124, -0.238073, 0.851876, 0.466506, 0.417364, 0.0, 0.0, 0.0, 1.0],
                [-0.344312, -0.523063, 0.779651, 0.600276, 0.907932, 0.02587, 0.41832, 0.026124, -0.238977, 0.851902, 0.465998, 0.417364, 0.0, 0.0, 0.0, 1.0],
                [-0.345029, -0.522997, 0.779378, 0.600276, 0.907422, 0.026346, 0.419393, 0.026124, -0.239875, 0.851927, 0.465489, 0.417364, 0.0, 0.0, 0.0, 1.0],
                [-0.345709, -0.522932, 0.77912, 0.600276, 0.906929, 0.026832, 0.420429, 0.026124, -0.240761, 0.851952, 0.464986, 0.417364, 0.0, 0.0, 0.0, 1.0],
                [-0.346346, -0.522868, 0.77888, 0.600276, 0.906455, 0.027324, 0.421418, 0.026124, -0.241628, 0.851976, 0.464493, 0.417364, 0.0, 0.0, 0.0, 1.0],
                [-0.346933, -0.522807, 0.778659, 0.600276, 0.906005, 0.02782, 0.422351, 0.026124, -0.24247, 0.851997, 0.464015, 0.417364, 0.0, 0.0, 0.0, 1.0],
                [-0.347463, -0.522751, 0.778461, 0.600276, 0.905585, 0.028315, 0.423218, 0.026124, -0.24328, 0.852015, 0.463557, 0.417364, 0.0, 0.0, 0.0, 1.0],
                [-0.34793, -0.522701, 0.778286, 0.600276, 0.905198, 0.028806, 0.424012, 0.026124, -0.244051, 0.85203, 0.463125, 0.417364, 0.0, 0.0, 0.0, 1.0],
                [-0.348327, -0.522657, 0.778137, 0.600276, 0.90485, 0.02929, 0.424723, 0.026124, -0.244776, 0.85204, 0.462723, 0.417364, 0.0, 0.0, 0.0, 1.0],
                [-0.348649, -0.522622, 0.778017, 0.600276, 0.904544, 0.029763, 0.425341, 0.026124, -0.245448, 0.852045, 0.462358, 0.417364, 0.0, 0.0, 0.0, 1.0],
                [-0.348886, -0.522597, 0.777927, 0.600276, 0.904285, 0.030221, 0.425858, 0.026124, -0.246062, 0.852044, 0.462033, 0.417364, 0.0, 0.0, 0.0, 1.0],
                [-0.349035, -0.522582, 0.77787, 0.600276, 0.904079, 0.030662, 0.426265, 0.026124, -0.24661, 0.852037, 0.461753, 0.417364, 0.0, 0.0, 0.0, 1.0],
                [-0.349088, -0.522581, 0.777848, 0.600276, 0.903928, 0.031082, 0.426553, 0.026124, -0.247085, 0.852023, 0.461526, 0.417364, 0.0, 0.0, 0.0, 1.0],
                [-0.349038, -0.522593, 0.777862, 0.600276, 0.903839, 0.031476, 0.426713, 0.026124, -0.247481, 0.852001, 0.461354, 0.417364, 0.0, 0.0, 0.0, 1.0],
                [-0.348933, -0.522609, 0.777898, 0.600276, 0.903786, 0.031849, 0.426798, 0.026124, -0.247824, 0.851977, 0.461214, 0.417364, 0.0, 0.0, 0.0, 1.0],
                [-0.348826, -0.522618, 0.77794, 0.600276, 0.903739, 0.032206, 0.426871, 0.026124, -0.248145, 0.851958, 0.461076, 0.417364, 0.0, 0.0, 0.0, 1.0],
                [-0.348718, -0.52262, 0.777987, 0.600276, 0.903699, 0.032549, 0.42693, 0.026124, -0.248445, 0.851944, 0.460941, 0.417364, 0.0, 0.0, 0.0, 1.0],
                [-0.348607, -0.522616, 0.778039, 0.600276, 0.903664, 0.032877, 0.426978, 0.026124, -0.248725, 0.851934, 0.460808, 0.417364, 0.0, 0.0, 0.0, 1.0],
                [-0.348494, -0.522607, 0.778096, 0.600276, 0.903636, 0.033191, 0.427013, 0.026124, -0.248987, 0.851927, 0.46068, 0.417364, 0.0, 0.0, 0.0, 1.0],
                [-0.348378, -0.522594, 0.778157, 0.600276, 0.903613, 0.033493, 0.427038, 0.026124, -0.24923, 0.851924, 0.460554, 0.417364, 0.0, 0.0, 0.0, 1.0],
                [-0.348261, -0.522576, 0.778221, 0.600276, 0.903596, 0.033782, 0.427052, 0.026124, -0.249457, 0.851923, 0.460433, 0.417364, 0.0, 0.0, 0.0, 1.0],
                [-0.348141, -0.522556, 0.778289, 0.600276, 0.903584, 0.034059, 0.427056, 0.026124, -0.249668, 0.851925, 0.460316, 0.417364, 0.0, 0.0, 0.0, 1.0],
                [-0.348019, -0.522532, 0.778359, 0.600276, 0.903577, 0.034325, 0.42705, 0.026124, -0.249864, 0.851928, 0.460202, 0.417364, 0.0, 0.0, 0.0, 1.0],
                [-0.347894, -0.522507, 0.778432, 0.600276, 0.903574, 0.03458, 0.427034, 0.026124, -0.250047, 0.851933, 0.460094, 0.417364, 0.0, 0.0, 0.0, 1.0],
                [-0.347767, -0.522481, 0.778506, 0.600276, 0.903576, 0.034826, 0.42701, 0.026124, -0.250217, 0.851939, 0.45999, 0.417364, 0.0, 0.0, 0.0, 1.0],
                [-0.347638, -0.522454, 0.778582, 0.600276, 0.903582, 0.035062, 0.426978, 0.026124, -0.250375, 0.851946, 0.459891, 0.417364, 0.0, 0.0, 0.0, 1.0],
                [-0.347505, -0.522427, 0.778659, 0.600276, 0.903592, 0.03529, 0.426938, 0.026124, -0.250523, 0.851953, 0.459797, 0.417364, 0.0, 0.0, 0.0, 1.0],
                [-0.347371, -0.522401, 0.778737, 0.600276, 0.903605, 0.035509, 0.426892, 0.026124, -0.250661, 0.85196, 0.459709, 0.417364, 0.0, 0.0, 0.0, 1.0],
                [-0.347234, -0.522376, 0.778815, 0.600276, 0.903622, 0.035721, 0.426839, 0.026124, -0.250791, 0.851967, 0.459627, 0.417364, 0.0, 0.0, 0.0, 1.0],
                [-0.347094, -0.522354, 0.778892, 0.600276, 0.903642, 0.035927, 0.426779, 0.026124, -0.250913, 0.851972, 0.459551, 0.417364, 0.0, 0.0, 0.0, 1.0],
                [-0.346951, -0.522334, 0.778969, 0.600276, 0.903665, 0.036126, 0.426714, 0.026124, -0.251028, 0.851976, 0.459481, 0.417364, 0.0, 0.0, 0.0, 1.0],
                [-0.346806, -0.522317, 0.779045, 0.600276, 0.90369, 0.036319, 0.426645, 0.026124, -0.251138, 0.851978, 0.459417, 0.417364, 0.0, 0.0, 0.0, 1.0],
                [-0.346657, -0.522305, 0.779119, 0.600276, 0.903717, 0.036508, 0.42657, 0.026124, -0.251244, 0.851977, 0.45936, 0.417364, 0.0, 0.0, 0.0, 1.0],
                [-0.346506, -0.522297, 0.779192, 0.600276, 0.903747, 0.036693, 0.426492, 0.026124, -0.251346, 0.851974, 0.45931, 0.417364, 0.0, 0.0, 0.0, 1.0],
                [-0.346352, -0.522294, 0.779261, 0.600276, 0.903778, 0.036874, 0.42641, 0.026124, -0.251446, 0.851968, 0.459267, 0.417364, 0.0, 0.0, 0.0, 1.0],
                [-0.346196, -0.522298, 0.779329, 0.600276, 0.903811, 0.037052, 0.426325, 0.026124, -0.251544, 0.851958, 0.459232, 0.417364, 0.0, 0.0, 0.0, 1.0],
                [-0.346036, -0.522308, 0.779393, 0.600276, 0.903845, 0.037227, 0.426238, 0.026124, -0.251642, 0.851944, 0.459204, 0.417364, 0.0, 0.0, 0.0, 1.0],
                [-0.345873, -0.522326, 0.779453, 0.600276, 0.90388, 0.037401, 0.426149, 0.026124, -0.251741, 0.851925, 0.459184, 0.417364, 0.0, 0.0, 0.0, 1.0],
                [-0.345707, -0.522352, 0.779509, 0.600276, 0.903915, 0.037573, 0.426058, 0.026124, -0.251841, 0.851902, 0.459172, 0.417364, 0.0, 0.0, 0.0, 1.0],
                [-0.345538, -0.522386, 0.779561, 0.600276, 0.903951, 0.037745, 0.425967, 0.026124, -0.251944, 0.851873, 0.459169, 0.417364, 0.0, 0.0, 0.0, 1.0],
                [-0.345366, -0.52243, 0.779608, 0.600276, 0.903987, 0.037918, 0.425875, 0.026124, -0.252051, 0.851839, 0.459175, 0.417364, 0.0, 0.0, 0.0, 1.0],
                [-0.345191, -0.522484, 0.77965, 0.600276, 0.904023, 0.038091, 0.425783, 0.026124, -0.252162, 0.851798, 0.459189, 0.417364, 0.0, 0.0, 0.0, 1.0],
                [-0.345012, -0.522548, 0.779686, 0.600276, 0.904058, 0.038265, 0.425693, 0.026124, -0.25228, 0.851751, 0.459212, 0.417364, 0.0, 0.0, 0.0, 1.0],
                [-0.344831, -0.522624, 0.779715, 0.600276, 0.904093, 0.038441, 0.425603, 0.026124, -0.252404, 0.851696, 0.459245, 0.417364, 0.0, 0.0, 0.0, 1.0],
                [-0.344645, -0.522711, 0.779738, 0.600276, 0.904127, 0.038621, 0.425515, 0.026124, -0.252536, 0.851635, 0.459287, 0.417364, 0.0, 0.0, 0.0, 1.0],
                [-0.344457, -0.522812, 0.779755, 0.600276, 0.90416, 0.038803, 0.42543, 0.026124, -0.252676, 0.851565, 0.459339, 0.417364, 0.0, 0.0, 0.0, 1.0],
                [-0.344265, -0.522925, 0.779763, 0.600276, 0.90419, 0.038989, 0.425346, 0.026124, -0.252827, 0.851486, 0.459401, 0.417364, 0.0, 0.0, 0.0, 1.0],
                [-0.344069, -0.523053, 0.779764, 0.600276, 0.904219, 0.03918, 0.425267, 0.026124, -0.252988, 0.851399, 0.459474, 0.417364, 0.0, 0.0, 0.0, 1.0],
                [-0.34387, -0.523195, 0.779757, 0.600276, 0.904247, 0.039376, 0.425191, 0.026124, -0.253161, 0.851303, 0.459557, 0.417364, 0.0, 0.0, 0.0, 1.0],
                [-0.343668, -0.523352, 0.779741, 0.600276, 0.904272, 0.039578, 0.425119, 0.026124, -0.253347, 0.851197, 0.459651, 0.417364, 0.0, 0.0, 0.0, 1.0],
                [-0.343462, -0.523525, 0.779715, 0.600276, 0.904294, 0.039786, 0.425053, 0.026124, -0.253547, 0.851081, 0.459756, 0.417364, 0.0, 0.0, 0.0, 1.0],
                [-0.343252, -0.523715, 0.77968, 0.600276, 0.904313, 0.040001, 0.424991, 0.026124, -0.253762, 0.850954, 0.459872, 0.417364, 0.0, 0.0, 0.0, 1.0],
                [-0.343039, -0.523921, 0.779635, 0.600276, 0.90433, 0.040224, 0.424935, 0.026124, -0.253993, 0.850816, 0.459999, 0.417364, 0.0, 0.0, 0.0, 1.0],
                [-0.342822, -0.524146, 0.77958, 0.600276, 0.904342, 0.040455, 0.424886, 0.026124, -0.254241, 0.850667, 0.460138, 0.417364, 0.0, 0.0, 0.0, 1.0],
                [-0.342601, -0.524389, 0.779513, 0.600276, 0.904351, 0.040695, 0.424844, 0.026124, -0.254506, 0.850506, 0.46029, 0.417364, 0.0, 0.0, 0.0, 1.0],
                [-0.342375, -0.524651, 0.779436, 0.600276, 0.904356, 0.040945, 0.424809, 0.026124, -0.254791, 0.850332, 0.460453, 0.417364, 0.0, 0.0, 0.0, 1.0],
                [-0.342147, -0.524933, 0.779347, 0.600276, 0.904357, 0.041205, 0.424783, 0.026124, -0.255095, 0.850145, 0.460629, 0.417364, 0.0, 0.0, 0.0, 1.0],
                [-0.341914, -0.525235, 0.779245, 0.600276, 0.904354, 0.041476, 0.424764, 0.026124, -0.255421, 0.849946, 0.460817, 0.417364, 0.0, 0.0, 0.0, 1.0],
                [-0.341677, -0.525559, 0.779131, 0.600276, 0.904345, 0.041758, 0.424755, 0.026124, -0.255768, 0.849732, 0.461019, 0.417364, 0.0, 0.0, 0.0, 1.0],
                [-0.341436, -0.525904, 0.779004, 0.600276, 0.904331, 0.042052, 0.424755, 0.026124, -0.256139, 0.849504, 0.461233, 0.417364, 0.0, 0.0, 0.0, 1.0],
                [-0.34119, -0.526271, 0.778863, 0.600276, 0.904312, 0.042358, 0.424765, 0.026124, -0.256533, 0.849261, 0.461461, 0.417364, 0.0, 0.0, 0.0, 1.0],
                [-0.340941, -0.526661, 0.778709, 0.600276, 0.904287, 0.042678, 0.424786, 0.026124, -0.256952, 0.849004, 0.461702, 0.417364, 0.0, 0.0, 0.0, 1.0],
                [-0.340687, -0.527074, 0.778541, 0.600276, 0.904257, 0.043012, 0.424819, 0.026124, -0.257397, 0.84873, 0.461957, 0.417364, 0.0, 0.0, 0.0, 1.0],
                [-0.340428, -0.527512, 0.778357, 0.600276, 0.904219, 0.04336, 0.424862, 0.026124, -0.257869, 0.84844, 0.462226, 0.417364, 0.0, 0.0, 0.0, 1.0],
                [-0.340165, -0.527975, 0.778158, 0.600276, 0.904176, 0.043723, 0.424918, 0.026124, -0.258369, 0.848134, 0.462509, 0.417364, 0.0, 0.0, 0.0, 1.0],
                [-0.339897, -0.528462, 0.777944, 0.600276, 0.904125, 0.044102, 0.424987, 0.026124, -0.258898, 0.84781, 0.462806, 0.417364, 0.0, 0.0, 0.0, 1.0],
                [-0.339625, -0.528976, 0.777714, 0.600276, 0.904067, 0.044497, 0.425069, 0.026124, -0.259457, 0.847469, 0.463118, 0.417364, 0.0, 0.0, 0.0, 1.0],
                [-0.337304, -0.53335, 0.775734, 0.600702, 0.903536, 0.047924, 0.425825, 0.025466, -0.26429, 0.844536, 0.465736, 0.41737, 0.0, 0.0, 0.0, 1.0],
                [-0.33066, -0.544091, 0.771122, 0.601857, 0.902381, 0.056989, 0.427155, 0.023517, -0.276357, 0.837088, 0.472133, 0.417411, 0.0, 0.0, 0.0, 1.0],
                [-0.319309, -0.559128, 0.765126, 0.603559, 0.901002, 0.071076, 0.427953, 0.020307, -0.293663, 0.826029, 0.48108, 0.417524, 0.0, 0.0, 0.0, 1.0],
                [-0.302895, -0.57636, 0.758988, 0.605626, 0.899741, 0.089622, 0.427123, 0.015871, -0.314199, 0.812266, 0.491429, 0.417744, 0.0, 0.0, 0.0, 1.0],
                [-0.281151, -0.593729, 0.75395, 0.607876, 0.898915, 0.112151, 0.423527, 0.01024, -0.336017, 0.796811, 0.50218, 0.418105, 0.0, 0.0, 0.0, 1.0],
                [-0.2539, -0.609244, 0.751237, 0.610126, 0.89882, 0.138291, 0.415932, 0.003447, -0.357293, 0.780831, 0.512488, 0.418645, 0.0, 0.0, 0.0, 1.0],
                [-0.22102, -0.620982, 0.752019, 0.612193, 0.899721, 0.167745, 0.402946, -0.004475, -0.376369, 0.765665, 0.521635, 0.419398, 0.0, 0.0, 0.0, 1.0],
                [-0.182361, -0.62703, 0.757349, 0.613895, 0.90181, 0.200248, 0.382936, -0.013493, -0.39177, 0.752818, 0.528944, 0.420401, 0.0, 0.0, 0.0, 1.0],
                [-0.13765, -0.625392, 0.768074, 0.61505, 0.905143, 0.235465, 0.353938, -0.023574, -0.402204, 0.743936, 0.533658, 0.421688, 0.0, 0.0, 0.0, 1.0],
                [-0.086373, -0.613846, 0.784687, 0.615476, 0.909537, 0.272827, 0.313543, -0.034687, -0.40655, 0.740782, 0.534751, 0.423296, 0.0, 0.0, 0.0, 1.0],
                [0.036172, -0.57165, 0.8197, 0.612684, 0.910796, 0.356417, 0.208369, -0.0467, -0.411269, 0.739042, 0.533549, 0.430576, 0.0, 0.0, 0.0, 1.0],
                [0.28952, -0.463952, 0.837214, 0.604997, 0.864079, 0.502955, -0.020092, -0.0591, -0.41176, 0.729236, 0.546507, 0.446819, 0.0, 0.0, 0.0, 1.0],
                [0.632661, -0.270457, 0.725667, 0.59345, 0.678071, 0.646121, -0.350354, -0.071273, -0.374113, 0.713709, 0.592165, 0.468961, 0.0, 0.0, 0.0, 1.0],
                [0.920895, -0.040576, 0.387693, 0.579079, 0.303184, 0.699689, -0.646928, -0.082606, -0.245015, 0.713295, 0.656642, 0.493943, 0.0, 0.0, 0.0, 1.0],
                [0.99042, 0.100189, -0.095028, 0.562918, -0.13765, 0.661563, -0.737148, -0.092487, -0.010987, 0.743167, 0.669016, 0.518702, 0.0, 0.0, 0.0, 1.0],
                [0.850972, 0.125362, -0.510031, 0.546002, -0.470719, 0.612779, -0.634764, -0.100303, 0.232961, 0.780247, 0.580468, 0.540177, 0.0, 0.0, 0.0, 1.0],
                [0.643666, 0.089929, -0.760005, 0.529365, -0.647052, 0.594255, -0.477687, -0.105442, 0.408679, 0.799233, 0.440691, 0.555307, 0.0, 0.0, 0.0, 1.0],
                [0.477434, 0.04174, -0.877676, 0.514043, -0.715513, 0.598235, -0.360771, -0.107291, 0.509998, 0.800233, 0.315483, 0.56103, 0.0, 0.0, 0.0, 1.0],
                [0.368049, 0.007064, -0.92978, 0.500996, -0.741573, 0.605457, -0.288948, -0.107291, 0.5609, 0.795847, 0.228076, 0.560741, 0.0, 0.0, 0.0, 1.0],
                [0.290329, -0.012183, -0.95685, 0.490882, -0.757075, 0.608645, -0.237462, -0.107291, 0.585275, 0.793349, 0.167484, 0.560104, 0.0, 0.0, 0.0, 1.0],
                [0.241619, -0.0242, -0.970069, 0.484285, -0.767597, 0.606815, -0.206326, -0.107291, 0.593646, 0.794475, 0.128042, 0.559466, 0.0, 0.0, 0.0, 1.0],
                [0.2225, -0.035174, -0.974298, 0.48179, -0.775274, 0.59956, -0.198694, -0.107291, 0.591139, 0.799557, 0.106133, 0.559177, 0.0, 0.0, 0.0, 1.0],
                [0.219202, -0.046881, -0.974553, 0.481565, -0.78107, 0.590156, -0.204072, -0.107291, 0.584705, 0.805927, 0.092746, 0.559194, 0.0, 0.0, 0.0, 1.0],
                [0.216912, -0.057576, -0.974492, 0.481387, -0.785901, 0.581849, -0.209311, -0.107291, 0.579058, 0.811257, 0.080961, 0.559244, 0.0, 0.0, 0.0, 1.0],
                [0.215537, -0.067275, -0.974176, 0.481249, -0.789848, 0.574593, -0.214435, -0.107291, 0.574181, 0.815669, 0.070709, 0.559326, 0.0, 0.0, 0.0, 1.0],
                [0.21498, -0.076007, -0.973656, 0.481147, -0.792991, 0.568335, -0.219456, -0.107291, 0.570043, 0.819279, 0.061907, 0.559439, 0.0, 0.0, 0.0, 1.0],
                [0.215151, -0.083809, -0.972978, 0.481073, -0.795406, 0.563012, -0.224381, -0.107291, 0.566603, 0.822188, 0.05447, 0.559581, 0.0, 0.0, 0.0, 1.0],
                [0.215963, -0.090723, -0.972178, 0.481022, -0.797171, 0.558553, -0.22921, -0.107291, 0.563807, 0.824493, 0.048305, 0.559752, 0.0, 0.0, 0.0, 1.0],
                [0.217329, -0.096797, -0.971287, 0.480988, -0.79836, 0.554884, -0.233935, -0.107291, 0.561596, 0.826277, 0.043314, 0.559949, 0.0, 0.0, 0.0, 1.0],
                [0.219168, -0.102084, -0.970332, 0.480965, -0.799045, 0.551927, -0.238545, -0.107291, 0.559904, 0.827621, 0.039395, 0.560173, 0.0, 0.0, 0.0, 1.0],
                [0.221401, -0.106638, -0.969335, 0.480947, -0.799301, 0.549597, -0.243026, -0.107291, 0.558659, 0.828596, 0.036445, 0.560421, 0.0, 0.0, 0.0, 1.0],
                [0.22395, -0.110517, -0.968314, 0.480928, -0.799198, 0.54781, -0.247361, -0.107291, 0.55779, 0.829271, 0.034357, 0.560691, 0.0, 0.0, 0.0, 1.0],
                [0.226741, -0.113778, -0.967287, 0.480901, -0.798808, 0.546479, -0.251528, -0.107291, 0.55722, 0.829708, 0.033023, 0.560984, 0.0, 0.0, 0.0, 1.0],
                [0.229702, -0.116478, -0.966266, 0.480862, -0.798204, 0.545515, -0.255509, -0.107291, 0.556874, 0.829968, 0.032333, 0.561298, 0.0, 0.0, 0.0, 1.0],
                [0.232762, -0.118676, -0.965266, 0.480804, -0.797455, 0.544829, -0.259282, -0.107291, 0.556675, 0.830107, 0.032177, 0.561631, 0.0, 0.0, 0.0, 1.0],
                [0.235852, -0.12043, -0.964298, 0.48072, -0.796635, 0.54433, -0.262825, -0.107291, 0.556548, 0.830182, 0.032443, 0.561983, 0.0, 0.0, 0.0, 1.0],
                [0.238905, -0.121795, -0.963374, 0.480606, -0.795816, 0.543928, -0.266119, -0.107291, 0.556418, 0.830246, 0.033021, 0.562351, 0.0, 0.0, 0.0, 1.0],
                [0.241853, -0.122829, -0.962507, 0.480455, -0.79507, 0.543532, -0.269142, -0.107291, 0.556211, 0.830353, 0.033798, 0.562736, 0.0, 0.0, 0.0, 1.0],
                [0.244658, -0.1237, -0.961687, 0.480262, -0.794399, 0.54311, -0.271958, -0.107291, 0.555943, 0.8305, 0.034609, 0.563135, 0.0, 0.0, 0.0, 1.0],
                [0.247327, -0.12454, -0.960895, 0.480029, -0.793759, 0.542694, -0.274645, -0.107291, 0.555676, 0.830646, 0.035369, 0.563547, 0.0, 0.0, 0.0, 1.0],
                [0.249865, -0.125347, -0.960133, 0.479758, -0.79315, 0.542283, -0.277206, -0.107291, 0.555411, 0.830793, 0.036078, 0.563972, 0.0, 0.0, 0.0, 1.0],
                [0.252277, -0.126122, -0.959401, 0.479451, -0.792572, 0.541875, -0.279643, -0.107291, 0.555145, 0.830942, 0.036742, 0.564409, 0.0, 0.0, 0.0, 1.0],
                [0.254567, -0.126861, -0.958698, 0.47911, -0.792027, 0.541471, -0.281961, -0.107291, 0.554877, 0.831093, 0.037363, 0.564857, 0.0, 0.0, 0.0, 1.0],
                [0.256739, -0.127563, -0.958025, 0.478738, -0.791516, 0.541069, -0.284161, -0.107291, 0.554606, 0.831247, 0.037945, 0.565314, 0.0, 0.0, 0.0, 1.0],
                [0.258799, -0.128229, -0.957382, 0.478338, -0.791038, 0.540668, -0.286248, -0.107291, 0.554331, 0.831406, 0.038491, 0.56578, 0.0, 0.0, 0.0, 1.0],
                [0.260749, -0.128854, -0.956769, 0.477911, -0.790594, 0.540268, -0.288223, -0.107291, 0.55405, 0.831569, 0.039003, 0.566255, 0.0, 0.0, 0.0, 1.0],
                [0.262595, -0.129439, -0.956185, 0.47746, -0.790184, 0.539868, -0.290089, -0.107291, 0.553762, 0.831738, 0.039486, 0.566736, 0.0, 0.0, 0.0, 1.0],
                [0.264341, -0.129983, -0.95563, 0.476987, -0.78981, 0.539467, -0.29185, -0.107291, 0.553466, 0.831914, 0.039942, 0.567224, 0.0, 0.0, 0.0, 1.0],
                [0.265991, -0.130482, -0.955104, 0.476496, -0.78947, 0.539064, -0.293508, -0.107291, 0.55316, 0.832096, 0.040375, 0.567717, 0.0, 0.0, 0.0, 1.0],
                [0.26755, -0.130937, -0.954606, 0.475987, -0.789166, 0.538658, -0.295065, -0.107291, 0.552842, 0.832288, 0.040787, 0.568214, 0.0, 0.0, 0.0, 1.0],
                [0.269021, -0.131345, -0.954136, 0.475463, -0.788898, 0.53825, -0.296526, -0.107291, 0.552511, 0.832488, 0.041183, 0.568714, 0.0, 0.0, 0.0, 1.0],
                [0.270408, -0.131705, -0.953695, 0.474928, -0.788665, 0.537836, -0.297891, -0.107291, 0.552165, 0.832698, 0.041564, 0.569217, 0.0, 0.0, 0.0, 1.0],
                [0.271716, -0.132015, -0.95328, 0.474382, -0.788469, 0.537418, -0.299164, -0.107291, 0.551804, 0.832919, 0.041935, 0.569721, 0.0, 0.0, 0.0, 1.0],
                [0.27295, -0.132275, -0.952891, 0.473829, -0.788308, 0.536993, -0.300349, -0.107291, 0.551425, 0.833152, 0.042299, 0.570226, 0.0, 0.0, 0.0, 1.0],
                [0.274112, -0.132482, -0.952529, 0.473271, -0.788183, 0.536562, -0.301446, -0.107291, 0.551027, 0.833397, 0.042658, 0.570731, 0.0, 0.0, 0.0, 1.0],
                [0.275208, -0.132636, -0.952191, 0.47271, -0.788094, 0.536122, -0.302459, -0.107291, 0.550608, 0.833655, 0.043016, 0.571234, 0.0, 0.0, 0.0, 1.0],
                [0.27624, -0.132733, -0.951879, 0.472149, -0.788041, 0.535674, -0.303389, -0.107291, 0.550167, 0.833927, 0.043375, 0.571735, 0.0, 0.0, 0.0, 1.0],
                [0.277213, -0.132774, -0.95159, 0.471589, -0.788023, 0.535216, -0.304242, -0.107291, 0.549702, 0.834215, 0.04374, 0.572233, 0.0, 0.0, 0.0, 1.0],
                [0.278132, -0.132756, -0.951325, 0.471034, -0.788042, 0.534747, -0.305017, -0.107291, 0.549211, 0.834519, 0.044113, 0.572726, 0.0, 0.0, 0.0, 1.0],
                [0.278999, -0.132678, -0.951082, 0.470486, -0.788096, 0.534266, -0.305719, -0.107291, 0.548693, 0.834839, 0.044497, 0.573215, 0.0, 0.0, 0.0, 1.0],
                [0.27982, -0.132538, -0.95086, 0.469946, -0.788186, 0.533773, -0.306349, -0.107291, 0.548146, 0.835177, 0.044896, 0.573698, 0.0, 0.0, 0.0, 1.0],
                [0.280597, -0.132334, -0.950659, 0.469418, -0.788311, 0.533266, -0.30691, -0.107291, 0.547569, 0.835533, 0.045312, 0.574173, 0.0, 0.0, 0.0, 1.0],
                [0.281335, -0.132066, -0.950478, 0.468904, -0.788471, 0.532744, -0.307405, -0.107291, 0.54696, 0.835908, 0.045749, 0.574641, 0.0, 0.0, 0.0, 1.0],
                [0.282037, -0.131731, -0.950317, 0.468405, -0.788666, 0.532206, -0.307836, -0.107291, 0.546316, 0.836303, 0.04621, 0.5751, 0.0, 0.0, 0.0, 1.0],
                [0.282709, -0.131328, -0.950173, 0.467925, -0.788895, 0.531652, -0.308205, -0.107291, 0.545637, 0.836719, 0.046699, 0.57555, 0.0, 0.0, 0.0, 1.0],
                [0.283352, -0.130855, -0.950047, 0.467466, -0.789159, 0.53108, -0.308515, -0.107291, 0.544921, 0.837157, 0.047217, 0.575989, 0.0, 0.0, 0.0, 1.0],
                [0.283972, -0.13031, -0.949937, 0.46703, -0.789458, 0.530488, -0.30877, -0.107291, 0.544166, 0.837616, 0.047769, 0.576416, 0.0, 0.0, 0.0, 1.0],
                [0.284571, -0.129692, -0.949842, 0.46662, -0.78979, 0.529877, -0.30897, -0.107291, 0.54337, 0.838099, 0.048358, 0.576831, 0.0, 0.0, 0.0, 1.0],
                [0.285154, -0.128999, -0.949761, 0.466238, -0.790156, 0.529245, -0.309118, -0.107291, 0.542532, 0.838606, 0.048987, 0.577232, 0.0, 0.0, 0.0, 1.0],
                [0.285725, -0.12823, -0.949694, 0.465885, -0.790555, 0.52859, -0.309218, -0.107291, 0.541649, 0.839136, 0.049658, 0.577619, 0.0, 0.0, 0.0, 1.0],
                [0.286287, -0.127383, -0.949639, 0.465566, -0.790987, 0.527911, -0.309271, -0.107291, 0.540721, 0.839692, 0.050376, 0.577991, 0.0, 0.0, 0.0, 1.0],
                [0.286843, -0.126455, -0.949595, 0.465281, -0.791452, 0.527209, -0.30928, -0.107291, 0.539744, 0.840274, 0.051143, 0.578346, 0.0, 0.0, 0.0, 1.0],
                [0.287399, -0.125446, -0.949561, 0.465034, -0.79195, 0.52648, -0.309248, -0.107291, 0.538719, 0.840882, 0.051963, 0.578684, 0.0, 0.0, 0.0, 1.0],
                [0.287957, -0.124353, -0.949535, 0.464826, -0.792479, 0.525724, -0.309178, -0.107291, 0.537641, 0.841516, 0.052839, 0.579005, 0.0, 0.0, 0.0, 1.0],
                [0.28852, -0.123175, -0.949518, 0.46466, -0.79304, 0.524941, -0.30907, -0.107291, 0.53651, 0.842179, 0.053774, 0.579306, 0.0, 0.0, 0.0, 1.0],
                [0.289094, -0.12191, -0.949507, 0.464539, -0.793632, 0.524128, -0.30893, -0.107291, 0.535325, 0.842869, 0.054771, 0.579587, 0.0, 0.0, 0.0, 1.0],
                [0.28968, -0.120556, -0.949501, 0.464465, -0.794256, 0.523285, -0.308757, -0.107291, 0.534082, 0.843587, 0.055833, 0.579847, 0.0, 0.0, 0.0, 1.0],
                [0.290284, -0.119112, -0.949499, 0.464439, -0.794909, 0.52241, -0.308557, -0.107291, 0.53278, 0.844334, 0.056964, 0.580086, 0.0, 0.0, 0.0, 1.0],
                [0.290978, -0.117375, -0.949503, 0.464679, -0.79568, 0.521392, -0.308292, -0.107291, 0.531249, 0.845206, 0.058321, 0.580303, 0.0, 0.0, 0.0, 1.0],
                [0.291832, -0.115159, -0.949512, 0.46538, -0.796648, 0.520126, -0.307931, -0.107291, 0.529327, 0.84629, 0.060049, 0.580501, 0.0, 0.0, 0.0, 1.0],
                [0.292841, -0.112485, -0.949522, 0.466519, -0.7978, 0.51862, -0.307487, -0.107291, 0.527029, 0.847573, 0.062133, 0.580684, 0.0, 0.0, 0.0, 1.0],
                [0.294, -0.109375, -0.949527, 0.468073, -0.799126, 0.516881, -0.306971, -0.107291, 0.524368, 0.849041, 0.064558, 0.580856, 0.0, 0.0, 0.0, 1.0],
                [0.295303, -0.10585, -0.949522, 0.470015, -0.800614, 0.514917, -0.306394, -0.107291, 0.521357, 0.85068, 0.067312, 0.581022, 0.0, 0.0, 0.0, 1.0],
                [0.296746, -0.10193, -0.949501, 0.472322, -0.802253, 0.512734, -0.305769, -0.107291, 0.518009, 0.852475, 0.070378, 0.581184, 0.0, 0.0, 0.0, 1.0],
                [0.298321, -0.097637, -0.949459, 0.47497, -0.804029, 0.510341, -0.305107, -0.107291, 0.514337, 0.854412, 0.073742, 0.581348, 0.0, 0.0, 0.0, 1.0],
                [0.300023, -0.092992, -0.949389, 0.477934, -0.805931, 0.507744, -0.304421, -0.107291, 0.510355, 0.856475, 0.07739, 0.581517, 0.0, 0.0, 0.0, 1.0],
                [0.301846, -0.088015, -0.949285, 0.48119, -0.807947, 0.504951, -0.303722, -0.107291, 0.506075, 0.858649, 0.081306, 0.581695, 0.0, 0.0, 0.0, 1.0],
                [0.303785, -0.082728, -0.949142, 0.484714, -0.810064, 0.50197, -0.303023, -0.107291, 0.501509, 0.860919, 0.085476, 0.581886, 0.0, 0.0, 0.0, 1.0],
                [0.305833, -0.077154, -0.948954, 0.488481, -0.81227, 0.498809, -0.302337, -0.107291, 0.496673, 0.863271, 0.089883, 0.582095, 0.0, 0.0, 0.0, 1.0],
                [0.307985, -0.071312, -0.948715, 0.492467, -0.814552, 0.495476, -0.301675, -0.107291, 0.491579, 0.865689, 0.094512, 0.582324, 0.0, 0.0, 0.0, 1.0],
                [0.310234, -0.065226, -0.94842, 0.496647, -0.8169, 0.491981, -0.301048, -0.107291, 0.486241, 0.868159, 0.099346, 0.582578, 0.0, 0.0, 0.0, 1.0],
                [0.312577, -0.058918, -0.948063, 0.500998, -0.819298, 0.488331, -0.300471, -0.107291, 0.480672, 0.870667, 0.10437, 0.582862, 0.0, 0.0, 0.0, 1.0],
                [0.315007, -0.052409, -0.947641, 0.505495, -0.821737, 0.484538, -0.299952, -0.107291, 0.474889, 0.873199, 0.109566, 0.583178, 0.0, 0.0, 0.0, 1.0],
                [0.317521, -0.045724, -0.947148, 0.510114, -0.824202, 0.480611, -0.299506, -0.107291, 0.468905, 0.875741, 0.114918, 0.583531, 0.0, 0.0, 0.0, 1.0],
                [0.320113, -0.038885, -0.946581, 0.51483, -0.826682, 0.47656, -0.299143, -0.107291, 0.462735, 0.878281, 0.120407, 0.583925, 0.0, 0.0, 0.0, 1.0],
                [0.32278, -0.031916, -0.945935, 0.519618, -0.829165, 0.472397, -0.298874, -0.107291, 0.456396, 0.880808, 0.126017, 0.584365, 0.0, 0.0, 0.0, 1.0],
                [0.325519, -0.024841, -0.945209, 0.524456, -0.831639, 0.468134, -0.29871, -0.107291, 0.449904, 0.883308, 0.131728, 0.584853, 0.0, 0.0, 0.0, 1.0],
                [0.328326, -0.017683, -0.944399, 0.529318, -0.834092, 0.463781, -0.298661, -0.107291, 0.443275, 0.885773, 0.137522, 0.585394, 0.0, 0.0, 0.0, 1.0],
                [0.3312, -0.010467, -0.943503, 0.534179, -0.836511, 0.459352, -0.298738, -0.107291, 0.436527, 0.888193, 0.143381, 0.585992, 0.0, 0.0, 0.0, 1.0],
                [0.334137, -0.003218, -0.942519, 0.539017, -0.838887, 0.45486, -0.298951, -0.107291, 0.429676, 0.890557, 0.149286, 0.58665, 0.0, 0.0, 0.0, 1.0],
                [0.337137, 0.00404, -0.941447, 0.543806, -0.841207, 0.450318, -0.299308, -0.107291, 0.422741, 0.892859, 0.155217, 0.587374, 0.0, 0.0, 0.0, 1.0],
                [0.3402, 0.011281, -0.940286, 0.548522, -0.84346, 0.445739, -0.29982, -0.107291, 0.41574, 0.895092, 0.161156, 0.588166, 0.0, 0.0, 0.0, 1.0],
                [0.343324, 0.018481, -0.939035, 0.55314, -0.845636, 0.441139, -0.300494, -0.107291, 0.408692, 0.897248, 0.167082, 0.589031, 0.0, 0.0, 0.0, 1.0],
                [0.34651, 0.025613, -0.937697, 0.557637, -0.847724, 0.436532, -0.301338, -0.107291, 0.401616, 0.899324, 0.172975, 0.589973, 0.0, 0.0, 0.0, 1.0],
                [0.349759, 0.032652, -0.93627, 0.561988, -0.849713, 0.431932, -0.302361, -0.107291, 0.394532, 0.901315, 0.178817, 0.590996, 0.0, 0.0, 0.0, 1.0],
                [0.353072, 0.039573, -0.934759, 0.566168, -0.851595, 0.427355, -0.303568, -0.107291, 0.387461, 0.903217, 0.184588, 0.592104, 0.0, 0.0, 0.0, 1.0],
                [0.356453, 0.04635, -0.933163, 0.570154, -0.853359, 0.422816, -0.304968, -0.107291, 0.380421, 0.90503, 0.190267, 0.5933, 0.0, 0.0, 0.0, 1.0],
                [0.359901, 0.052958, -0.931486, 0.573921, -0.854996, 0.41833, -0.306564, -0.107291, 0.373433, 0.90675, 0.195836, 0.594589, 0.0, 0.0, 0.0, 1.0],
                [0.363422, 0.05937, -0.929731, 0.577445, -0.856497, 0.413913, -0.308364, -0.107291, 0.36652, 0.908378, 0.201275, 0.595974, 0.0, 0.0, 0.0, 1.0],
                [0.367018, 0.065561, -0.927901, 0.580701, -0.857854, 0.409581, -0.310373, -0.107291, 0.359702, 0.909915, 0.206565, 0.597461, 0.0, 0.0, 0.0, 1.0],
                [0.370694, 0.071506, -0.925998, 0.583665, -0.859056, 0.405348, -0.312595, -0.107291, 0.352999, 0.911362, 0.211687, 0.599051, 0.0, 0.0, 0.0, 1.0],
                [0.374453, 0.077178, -0.924029, 0.586313, -0.860098, 0.40123, -0.315033, -0.107291, 0.346435, 0.91272, 0.216623, 0.600751, 0.0, 0.0, 0.0, 1.0],
                [0.3783, 0.082554, -0.921995, 0.58862, -0.86097, 0.397243, -0.317693, -0.107291, 0.34003, 0.913993, 0.221353, 0.602563, 0.0, 0.0, 0.0, 1.0],
                [0.38224, 0.087606, -0.919901, 0.590563, -0.861665, 0.393401, -0.320577, -0.107291, 0.333806, 0.915183, 0.225861, 0.604492, 0.0, 0.0, 0.0, 1.0],
                [0.386279, 0.092311, -0.917751, 0.592116, -0.862175, 0.389719, -0.323687, -0.107291, 0.327785, 0.916296, 0.230128, 0.606541, 0.0, 0.0, 0.0, 1.0],
                [0.39042, 0.096643, -0.91555, 0.593255, -0.862493, 0.386211, -0.327028, -0.107291, 0.321991, 0.917334, 0.234139, 0.608715, 0.0, 0.0, 0.0, 1.0],
                [0.39467, 0.100577, -0.913301, 0.593957, -0.862611, 0.382891, -0.3306, -0.107291, 0.316444, 0.918302, 0.237875, 0.611017, 0.0, 0.0, 0.0, 1.0],
                [0.399033, 0.10409, -0.911009, 0.594196, -0.862524, 0.379771, -0.334405, -0.107291, 0.311167, 0.919206, 0.241321, 0.613452, 0.0, 0.0, 0.0, 1.0],
                [0.404307, 0.106646, -0.908385, 0.594095, -0.861991, 0.376485, -0.339458, -0.108114, 0.305791, 0.920264, 0.244143, 0.616147, 0.0, 0.0, 0.0, 1.0],
                [0.411238, 0.107797, -0.905132, 0.5938, -0.860766, 0.372669, -0.346698, -0.110491, 0.299942, 0.921682, 0.246044, 0.61921, 0.0, 0.0, 0.0, 1.0],
