{
    "animation": [
        {
            "name": "Root",
            "time": [0.0, 0.0167, 0.0333, 0.05, 0.0667, 0.0833, 0.1, 0.1167, 0.1333, 0.15, 0.1667, 0.1833, 0.2, 0.2167, 0.2333, 0.25, 0.2667, 0.2833, 0.3, 0.3167, 0.3333, 0.35, 0.3667, 0.3833, 0.4, 0.4167, 0.4333, 0.45, 0.4667, 0.4833, 0.5, 0.5167, 0.5333, 0.55, 0.5667, 0.5833, 0.6, 0.6167, 0.6333, 0.65, 0.6667, 0.6833, 0.7, 0.7167, 0.7333, 0.75, 0.7667, 0.7833, 0.8, 0.8167, 0.8333, 0.85, 0.8667, 0.8833, 0.9, 0.9167, 0.9333, 0.95, 0.9667, 0.9833, 1.0, 1.0167, 1.0333, 1.05, 1.0667, 1.0833, 1.1, 1.1167, 1.1333, 1.15, 1.1667, 1.1833, 1.2, 1.2167, 1.2333, 1.25, 1.2667, 1.2833, 1.3, 1.3167, 1.3333, 1.35, 1.3667, 1.3833, 1.4, 1.4167, 1.4333, 1.45, 1.4667, 1.4833, 1.5, 1.5167, 1.5333, 1.55, 1.5667, 1.5833, 1.6, 1.6167, 1.6333, 1.65, 1.6667, 1.6833, 1.7, 1.7167, 1.7333, 1.75, 1.7667, 1.7833, 1.8, 1.8167, 1.8333, 1.85, 1.8667, 1.8833, 1.9, 1.9167, 1.9333, 1.95, 1.9667, 1.9833, 2.0, 2.0167, 2.0333, 2.05, 2.0667, 2.0833, 2.1, 2.1167, 2.1333, 2.15, 2.1667, 2.1833, 2.2, 2.2167, 2.2333, 2.25, 2.2667, 2.2833, 2.3, 2.3167, 2.3333, 2.35, 2.3667, 2.3833, 2.4, 2.4167, 2.4333, 2.45, 2.4667, 2.4833, 2.5, 2.5167, 2.5333, 2.55, 2.5667, 2.5833, 2.6, 2.6167, 2.6333, 2.65, 2.6667, 2.6833, 2.7, 2.7167, 2.7333, 2.75, 2.7667, 2.7833, 2.8, 2.8167, 2.8333, 2.85, 2.8667, 2.8833, 2.9, 2.9167, 2.9333, 2.95, 2.9667, 2.9833, 3.0, 3.0167, 3.0333, 3.05, 3.0667, 3.0833, 3.1, 3.1167, 3.1333, 3.15, 3.1667, 3.1833, 3.2, 3.2167, 3.2333, 3.25, 3.2667, 3.2833, 3.3, 3.3167, 3.3333, 3.35, 3.3667, 3.3833, 3.4, 3.4167, 3.4333, 3.45, 3.4667, 3.4833, 3.5, 3.5167, 3.5333, 3.55, 3.5667, 3.5833, 3.6, 3.6167, 3.6333, 3.65, 3.6667, 3.6833, 3.7, 3.7167, 3.7333, 3.75, 3.7667, 3.7833, 3.8, 3.8167, 3.8333, 3.85, 3.8667, 3.8833, 3.9, 3.9167, 3.9333, 3.95, 3.9667, 3.9833, 4.0, 4.0167, 4.0333, 4.05, 4.0667, 4.0833, 4.1, 4.1167, 4.1333, 4.15, 4.1667, 4.1833, 4.2, 4.2167, 4.2333, 4.25, 4.2667, 4.2833, 4.3, 4.3167, 4.3333, 4.35, 4.3667, 4.3833, 4.4, 4.4167, 4.4333, 4.45, 4.4667, 4.4833, 4.5, 4.5167, 4.5333, 4.55, 4.5667, 4.5833, 4.6, 4.6167, 4.6333, 4.65, 4.6667],
            "transform": [
                [0.995047, 0.00395, -0.099325, -0.004083, -0.099163, -0.030107, -0.994616, 0.000783, -0.006919, 0.999539, -0.029566, 0.756398, 0.0, 0.0, 0.0, 1.0],
                [0.998057, 0.000398, -0.062305, -0.002178, -0.062281, -0.022404, -0.997807, -0.009611, -0.001793, 0.999749, -0.022336, 0.753974, 0.0, 0.0, 0.0, 1.0],
                [0.999224, -0.010611, 0.037929, 0.002794, 0.037902, -0.002684, -0.999278, -0.035597, 0.010705, 0.99994, -0.00228, 0.747437, 0.0, 0.0, 0.0, 1.0],
                [0.982584, -0.030108, 0.183365, 0.009718, 0.184085, 0.023163, -0.982637, -0.069379, 0.025338, 0.999278, 0.028302, 0.737894, 0.0, 0.0, 0.0, 1.0],
                [0.934668, -0.057796, 0.350794, 0.017478, 0.353596, 0.048526, -0.934139, -0.103161, 0.036967, 0.997148, 0.065792, 0.726449, 0.0, 0.0, 0.0, 1.0],
                [0.853012, -0.090638, 0.51396, 0.024959, 0.520159, 0.067494, -0.851398, -0.129146, 0.04248, 0.993594, 0.10472, 0.714209, 0.0, 0.0, 0.0, 1.0],
                [0.748843, -0.123339, 0.65117, 0.031046, 0.661409, 0.076672, -0.746096, -0.139541, 0.042097, 0.989398, 0.138993, 0.702278, 0.0, 0.0, 0.0, 1.0],
                [0.639882, -0.151223, 0.753447, 0.03499, 0.767511, 0.076716, -0.636428, -0.137924, 0.038441, 0.985518, 0.165155, 0.691508, 0.0, 0.0, 0.0, 1.0],
                [0.534778, -0.173743, 0.826938, 0.037503, 0.844322, 0.070899, -0.531125, -0.133411, 0.03365, 0.982236, 0.18461, 0.681727, 0.0, 0.0, 0.0, 1.0],
                [0.436199, -0.191658, 0.879203, 0.039663, 0.899386, 0.06149, -0.432809, -0.126509, 0.028889, 0.979534, 0.199197, 0.672512, 0.0, 0.0, 0.0, 1.0],
                [0.34444, -0.206031, 0.915921, 0.04255, 0.938487, 0.050041, -0.34167, -0.117724, 0.024561, 0.977265, 0.210594, 0.663436, 0.0, 0.0, 0.0, 1.0],
                [0.258578, -0.218011, 0.941068, 0.047241, 0.965771, 0.037595, -0.256656, -0.107562, 0.020574, 0.975222, 0.22027, 0.654076, 0.0, 0.0, 0.0, 1.0],
                [0.177137, -0.228749, 0.957233, 0.054815, 0.984048, 0.024866, -0.176157, -0.096529, 0.016494, 0.973168, 0.229505, 0.644005, 0.0, 0.0, 0.0, 1.0],
                [0.098476, -0.239378, 0.965919, 0.06635, 0.995071, 0.012344, -0.098389, -0.085132, 0.011629, 0.970848, 0.239413, 0.632799, 0.0, 0.0, 0.0, 1.0],
                [0.021025, -0.250998, 0.967759, 0.082926, 0.999766, 0.000365, -0.021625, -0.073876, 0.005075, 0.967988, 0.250947, 0.620033, 0.0, 0.0, 0.0, 1.0],
                [-0.056114, -0.264474, 0.962759, 0.106902, 0.998416, -0.010922, 0.055191, -0.063179, -0.004081, 0.964331, 0.264668, 0.605415, 0.0, 0.0, 0.0, 1.0],
                [-0.131904, -0.279844, 0.950941, 0.138921, 0.991132, -0.021634, 0.131112, -0.053092, -0.016118, 0.959802, 0.280216, 0.589186, 0.0, 0.0, 0.0, 1.0],
                [-0.204836, -0.296922, 0.932673, 0.177484, 0.978304, -0.031889, 0.204705, -0.043577, -0.03104, 0.954369, 0.297012, 0.57172, 0.0, 0.0, 0.0, 1.0],
                [-0.273447, -0.315509, 0.90867, 0.221092, 0.960653, -0.041731, 0.2746, -0.034596, -0.048719, 0.948004, 0.314506, 0.553392, 0.0, 0.0, 0.0, 1.0],
                [-0.336409, -0.335405, 0.879962, 0.268245, 0.939192, -0.051128, 0.339565, -0.026112, -0.068901, 0.940686, 0.33221, 0.534576, 0.0, 0.0, 0.0, 1.0],
                [-0.392595, -0.356415, 0.847843, 0.317443, 0.915177, -0.059962, 0.398568, -0.018086, -0.091218, 0.932402, 0.349723, 0.515646, 0.0, 0.0, 0.0, 1.0],
                [-0.441122, -0.378364, 0.813789, 0.367189, 0.890022, -0.068034, 0.450813, -0.010481, -0.115206, 0.923154, 0.366763, 0.496976, 0.0, 0.0, 0.0, 1.0],
                [-0.481354, -0.401098, 0.779371, 0.415981, 0.865219, -0.075065, 0.495744, -0.003258, -0.140338, 0.912954, 0.383171, 0.478941, 0.0, 0.0, 0.0, 1.0],
                [-0.51288, -0.424489, 0.746165, 0.462321, 0.842249, -0.080702, 0.533013, 0.003621, -0.166041, 0.901829, 0.398916, 0.461915, 0.0, 0.0, 0.0, 1.0],
                [-0.535464, -0.448422, 0.715678, 0.50471, 0.822509, -0.084518, 0.562437, 0.010193, -0.191721, 0.889817, 0.414088, 0.446273, 0.0, 0.0, 0.0, 1.0],
                [-0.549345, -0.472631, 0.689087, 0.541663, 0.807007, -0.086222, 0.584214, 0.016496, -0.216703, 0.877033, 0.428782, 0.432487, 0.0, 0.0, 0.0, 1.0],
                [-0.55626, -0.49623, 0.666581, 0.571757, 0.795577, -0.086278, 0.599678, 0.02257, -0.240067, 0.863893, 0.442782, 0.421434, 0.0, 0.0, 0.0, 1.0],
                [-0.558246, -0.518214, 0.647932, 0.593583, 0.787573, -0.085372, 0.610278, 0.02845, -0.260939, 0.850979, 0.45579, 0.414088, 0.0, 0.0, 0.0, 1.0],
                [-0.557266, -0.537633, 0.632776, 0.605733, 0.782209, -0.084239, 0.617295, 0.034176, -0.278574, 0.83896, 0.467485, 0.411422, 0.0, 0.0, 0.0, 1.0],
                [-0.555272, -0.55364, 0.620609, 0.611396, 0.778524, -0.083549, 0.622029, 0.039734, -0.292529, 0.828554, 0.477415, 0.41239, 0.0, 0.0, 0.0, 1.0],
                [-0.553038, -0.566359, 0.611054, 0.615035, 0.776016, -0.083228, 0.625198, 0.044899, -0.30323, 0.819946, 0.485532, 0.415013, 0.0, 0.0, 0.0, 1.0],
                [-0.550656, -0.576307, 0.603861, 0.617153, 0.774515, -0.082967, 0.627092, 0.049396, -0.311297, 0.813011, 0.492045, 0.41887, 0.0, 0.0, 0.0, 1.0],
                [-0.548157, -0.583963, 0.598759, 0.618254, 0.773837, -0.082487, 0.627991, 0.05295, -0.317334, 0.807579, 0.497107, 0.423543, 0.0, 0.0, 0.0, 1.0],
                [-0.545535, -0.589767, 0.595455, 0.618841, 0.773791, -0.081525, 0.628173, 0.055284, -0.321931, 0.803448, 0.500831, 0.428611, 0.0, 0.0, 0.0, 1.0],
                [-0.542755, -0.594141, 0.593645, 0.619418, 0.77418, -0.079835, 0.627911, 0.056124, -0.325674, 0.800389, 0.503303, 0.433655, 0.0, 0.0, 0.0, 1.0],
                [-0.540016, -0.597621, 0.592648, 0.62039, 0.774734, -0.077796, 0.627483, 0.056124, -0.328892, 0.797996, 0.505008, 0.438326, 0.0, 0.0, 0.0, 1.0],
                [-0.537538, -0.600518, 0.591973, 0.621771, 0.775317, -0.075936, 0.626991, 0.056124, -0.331567, 0.795997, 0.506411, 0.442563, 0.0, 0.0, 0.0, 1.0],
                [-0.535295, -0.602894, 0.59159, 0.623476, 0.775929, -0.074238, 0.626436, 0.056124, -0.333756, 0.79436, 0.507542, 0.446376, 0.0, 0.0, 0.0, 1.0],
                [-0.533264, -0.604808, 0.59147, 0.62542, 0.776569, -0.072682, 0.625826, 0.056124, -0.335516, 0.793047, 0.508434, 0.449776, 0.0, 0.0, 0.0, 1.0],
                [-0.531419, -0.606322, 0.591581, 0.627518, 0.777233, -0.07125, 0.625166, 0.056124, -0.336901, 0.792021, 0.509117, 0.452773, 0.0, 0.0, 0.0, 1.0],
                [-0.529732, -0.607493, 0.591892, 0.629687, 0.777922, -0.069923, 0.624459, 0.056124, -0.337968, 0.791241, 0.509623, 0.455379, 0.0, 0.0, 0.0, 1.0],
                [-0.528176, -0.608381, 0.59237, 0.631841, 0.77863, -0.068682, 0.623713, 0.056124, -0.33877, 0.790668, 0.50998, 0.457603, 0.0, 0.0, 0.0, 1.0],
                [-0.526722, -0.609044, 0.592984, 0.633896, 0.779357, -0.067508, 0.622933, 0.056124, -0.339362, 0.790259, 0.510221, 0.459456, 0.0, 0.0, 0.0, 1.0],
                [-0.52534, -0.609539, 0.5937, 0.635767, 0.780099, -0.066381, 0.622125, 0.056124, -0.339799, 0.789972, 0.510373, 0.460949, 0.0, 0.0, 0.0, 1.0],
                [-0.524002, -0.609925, 0.594486, 0.63737, 0.780852, -0.065282, 0.621296, 0.056124, -0.340135, 0.789765, 0.510469, 0.462091, 0.0, 0.0, 0.0, 1.0],
                [-0.522678, -0.61026, 0.595308, 0.638619, 0.781614, -0.064191, 0.620451, 0.056124, -0.340423, 0.789596, 0.510539, 0.462894, 0.0, 0.0, 0.0, 1.0],
                [-0.521337, -0.6106, 0.596134, 0.639431, 0.782381, -0.063088, 0.619597, 0.056124, -0.340717, 0.789422, 0.510612, 0.463369, 0.0, 0.0, 0.0, 1.0],
                [-0.519951, -0.611004, 0.59693, 0.63972, 0.783149, -0.061954, 0.61874, 0.056124, -0.34107, 0.7892, 0.51072, 0.463524, 0.0, 0.0, 0.0, 1.0],
                [-0.518495, -0.611516, 0.597672, 0.63972, 0.783915, -0.060771, 0.617887, 0.056075, -0.341527, 0.788895, 0.510886, 0.463512, 0.0, 0.0, 0.0, 1.0],
                [-0.51697, -0.612134, 0.598359, 0.63972, 0.784678, -0.059536, 0.617038, 0.055931, -0.342086, 0.788509, 0.511106, 0.463474, 0.0, 0.0, 0.0, 1.0],
                [-0.515383, -0.612843, 0.599003, 0.639719, 0.785438, -0.058252, 0.616194, 0.055696, -0.342737, 0.788055, 0.511372, 0.463405, 0.0, 0.0, 0.0, 1.0],
                [-0.51374, -0.613628, 0.59961, 0.639718, 0.786194, -0.056917, 0.615354, 0.055373, -0.34347, 0.787541, 0.511671, 0.463301, 0.0, 0.0, 0.0, 1.0],
                [-0.512047, -0.614474, 0.600191, 0.639716, 0.786945, -0.055535, 0.614519, 0.054968, -0.344274, 0.78698, 0.511994, 0.46316, 0.0, 0.0, 0.0, 1.0],
                [-0.510313, -0.615367, 0.600753, 0.639713, 0.787692, -0.054105, 0.613688, 0.054483, -0.34514, 0.786382, 0.51233, 0.462977, 0.0, 0.0, 0.0, 1.0],
                [-0.508543, -0.616291, 0.601307, 0.639708, 0.788435, -0.052628, 0.612863, 0.053924, -0.346056, 0.785758, 0.512669, 0.462749, 0.0, 0.0, 0.0, 1.0],
                [-0.506744, -0.617232, 0.60186, 0.639702, 0.789172, -0.051106, 0.612042, 0.053292, -0.347013, 0.78512, 0.513, 0.462472, 0.0, 0.0, 0.0, 1.0],
                [-0.504923, -0.618175, 0.602423, 0.639695, 0.789904, -0.04954, 0.611226, 0.052594, -0.348001, 0.784478, 0.513313, 0.462141, 0.0, 0.0, 0.0, 1.0],
                [-0.503087, -0.619106, 0.603003, 0.639685, 0.790631, -0.04793, 0.610415, 0.051832, -0.349009, 0.783844, 0.513597, 0.461754, 0.0, 0.0, 0.0, 1.0],
                [-0.501242, -0.620009, 0.60361, 0.639674, 0.791352, -0.046279, 0.609608, 0.051011, -0.350028, 0.783229, 0.513842, 0.461306, 0.0, 0.0, 0.0, 1.0],
                [-0.499397, -0.620871, 0.604254, 0.63966, 0.792066, -0.044587, 0.608804, 0.050135, -0.351047, 0.782644, 0.514037, 0.460794, 0.0, 0.0, 0.0, 1.0],
                [-0.497558, -0.621676, 0.604943, 0.639643, 0.792775, -0.042856, 0.608006, 0.049207, -0.352057, 0.782101, 0.514172, 0.460214, 0.0, 0.0, 0.0, 1.0],
                [-0.495731, -0.622411, 0.605686, 0.639624, 0.793478, -0.041086, 0.607211, 0.048231, -0.353049, 0.781612, 0.514237, 0.459562, 0.0, 0.0, 0.0, 1.0],
                [-0.493925, -0.62306, 0.606493, 0.639602, 0.794175, -0.03928, 0.606419, 0.047213, -0.354013, 0.781187, 0.51422, 0.458835, 0.0, 0.0, 0.0, 1.0],
                [-0.492146, -0.623611, 0.607373, 0.639576, 0.794866, -0.037438, 0.605629, 0.046154, -0.354938, 0.780838, 0.514112, 0.458028, 0.0, 0.0, 0.0, 1.0],
                [-0.490402, -0.624047, 0.608335, 0.639548, 0.795551, -0.035563, 0.604842, 0.04506, -0.355816, 0.780577, 0.513901, 0.457138, 0.0, 0.0, 0.0, 1.0],
                [-0.4887, -0.624356, 0.609387, 0.639516, 0.79623, -0.033655, 0.604057, 0.043935, -0.356638, 0.780415, 0.513578, 0.456161, 0.0, 0.0, 0.0, 1.0],
                [-0.487047, -0.624521, 0.61054, 0.639479, 0.796904, -0.031715, 0.603273, 0.042782, -0.357393, 0.780364, 0.51313, 0.455094, 0.0, 0.0, 0.0, 1.0],
                [-0.48545, -0.62453, 0.611802, 0.639439, 0.797573, -0.029747, 0.602489, 0.041605, -0.358073, 0.780434, 0.512548, 0.453932, 0.0, 0.0, 0.0, 1.0],
                [-0.483916, -0.624367, 0.613181, 0.639395, 0.798237, -0.02775, 0.601705, 0.040409, -0.358669, 0.780638, 0.511821, 0.452672, 0.0, 0.0, 0.0, 1.0],
                [-0.482454, -0.624018, 0.614687, 0.639346, 0.798896, -0.025726, 0.600918, 0.039197, -0.35917, 0.780986, 0.510937, 0.451309, 0.0, 0.0, 0.0, 1.0],
                [-0.481069, -0.623468, 0.616328, 0.639293, 0.799552, -0.023678, 0.60013, 0.037973, -0.359568, 0.78149, 0.509886, 0.449842, 0.0, 0.0, 0.0, 1.0],
                [-0.47983, -0.622606, 0.618162, 0.63906, 0.800218, -0.021671, 0.599318, 0.036742, -0.359743, 0.782235, 0.508619, 0.448268, 0.0, 0.0, 0.0, 1.0],
                [-0.478776, -0.621354, 0.620236, 0.638493, 0.800915, -0.019758, 0.598452, 0.035506, -0.359596, 0.783281, 0.507112, 0.446601, 0.0, 0.0, 0.0, 1.0],
                [-0.477867, -0.619749, 0.622538, 0.637626, 0.801655, -0.017921, 0.597518, 0.034271, -0.359155, 0.784595, 0.50539, 0.444857, 0.0, 0.0, 0.0, 1.0],
                [-0.477067, -0.617828, 0.625056, 0.636494, 0.802449, -0.016144, 0.596502, 0.033041, -0.358445, 0.786147, 0.503477, 0.443052, 0.0, 0.0, 0.0, 1.0],
                [-0.476337, -0.615627, 0.627779, 0.635129, 0.803307, -0.014408, 0.595392, 0.031818, -0.357494, 0.787906, 0.501401, 0.441202, 0.0, 0.0, 0.0, 1.0],
                [-0.475638, -0.613182, 0.630695, 0.633565, 0.804238, -0.012697, 0.594172, 0.030607, -0.356328, 0.789839, 0.499184, 0.439325, 0.0, 0.0, 0.0, 1.0],
                [-0.474933, -0.61053, 0.633792, 0.631836, 0.805254, -0.010993, 0.592829, 0.029413, -0.354972, 0.791917, 0.496852, 0.437435, 0.0, 0.0, 0.0, 1.0],
                [-0.474183, -0.607706, 0.63706, 0.629975, 0.806363, -0.009279, 0.591349, 0.028238, -0.353455, 0.794108, 0.494432, 0.435549, 0.0, 0.0, 0.0, 1.0],
                [-0.473348, -0.604747, 0.640486, 0.628016, 0.807575, -0.007539, 0.589717, 0.027088, -0.351802, 0.796382, 0.491947, 0.433684, 0.0, 0.0, 0.0, 1.0],
                [-0.472393, -0.601692, 0.64406, 0.625992, 0.808899, -0.005754, 0.58792, 0.025965, -0.35004, 0.798708, 0.489426, 0.431856, 0.0, 0.0, 0.0, 1.0],
                [-0.471277, -0.598575, 0.64777, 0.623937, 0.810343, -0.003909, 0.585943, 0.024875, -0.348198, 0.801057, 0.486894, 0.430081, 0.0, 0.0, 0.0, 1.0],
                [-0.469964, -0.595436, 0.651606, 0.621885, 0.811917, -0.001987, 0.583771, 0.02382, -0.346304, 0.8034, 0.484378, 0.428374, 0.0, 0.0, 0.0, 1.0],
                [-0.468415, -0.592313, 0.655556, 0.619868, 0.813626, 3e-05, 0.581389, 0.022805, -0.344384, 0.805708, 0.481907, 0.426754, 0.0, 0.0, 0.0, 1.0],
                [-0.466593, -0.589242, 0.659609, 0.617922, 0.81548, 0.002159, 0.578781, 0.021834, -0.342467, 0.807954, 0.479507, 0.425234, 0.0, 0.0, 0.0, 1.0],
                [-0.464461, -0.586263, 0.663755, 0.616078, 0.817484, 0.004418, 0.575934, 0.020911, -0.340581, 0.810109, 0.477209, 0.423833, 0.0, 0.0, 0.0, 1.0],
                [-0.461982, -0.583414, 0.667983, 0.614372, 0.819645, 0.006823, 0.572832, 0.02004, -0.338756, 0.812146, 0.47504, 0.422566, 0.0, 0.0, 0.0, 1.0],
                [-0.459119, -0.580733, 0.67228, 0.612836, 0.821967, 0.009393, 0.569458, 0.019225, -0.337017, 0.81404, 0.473031, 0.421449, 0.0, 0.0, 0.0, 1.0],
                [-0.455833, -0.578258, 0.676635, 0.611504, 0.824456, 0.012146, 0.565796, 0.018469, -0.335394, 0.815763, 0.471212, 0.420499, 0.0, 0.0, 0.0, 1.0],
                [-0.452089, -0.576027, 0.681035, 0.610409, 0.827114, 0.0151, 0.561832, 0.017777, -0.333914, 0.817291, 0.469614, 0.419732, 0.0, 0.0, 0.0, 1.0],
                [-0.447849, -0.574078, 0.685468, 0.609586, 0.829943, 0.018276, 0.557549, 0.017153, -0.332604, 0.818597, 0.468267, 0.419164, 0.0, 0.0, 0.0, 1.0],
                [-0.443077, -0.572447, 0.689919, 0.609067, 0.832945, 0.021693, 0.552931, 0.0166, -0.33149, 0.819655, 0.467205, 0.418811, 0.0, 0.0, 0.0, 1.0],
                [-0.437735, -0.571169, 0.694373, 0.608887, 0.836119, 0.025372, 0.547962, 0.016124, -0.330596, 0.82044, 0.466459, 0.41869, 0.0, 0.0, 0.0, 1.0],
                [-0.431772, -0.570201, 0.698888, 0.60899, 0.839517, 0.029284, 0.542544, 0.015724, -0.329825, 0.820983, 0.46605, 0.41879, 0.0, 0.0, 0.0, 1.0],
                [-0.425194, -0.569478, 0.703494, 0.609284, 0.843159, 0.03338, 0.536628, 0.015392, -0.32908, 0.821328, 0.465968, 0.419076, 0.0, 0.0, 0.0, 1.0],
                [-0.418051, -0.569004, 0.708144, 0.609752, 0.846991, 0.037652, 0.530273, 0.015119, -0.328391, 0.821472, 0.466201, 0.419531, 0.0, 0.0, 0.0, 1.0],
                [-0.410393, -0.568783, 0.712786, 0.610373, 0.850961, 0.042095, 0.523539, 0.014891, -0.327785, 0.821409, 0.466737, 0.420136, 0.0, 0.0, 0.0, 1.0],
                [-0.402273, -0.56882, 0.717371, 0.611129, 0.855018, 0.046701, 0.516491, 0.014699, -0.327292, 0.821135, 0.467565, 0.420872, 0.0, 0.0, 0.0, 1.0],
                [-0.393745, -0.569119, 0.721851, 0.611999, 0.859113, 0.051463, 0.509192, 0.014531, -0.32694, 0.820643, 0.468674, 0.42172, 0.0, 0.0, 0.0, 1.0],
                [-0.384864, -0.569687, 0.72618, 0.612966, 0.863198, 0.056376, 0.501708, 0.014377, -0.326755, 0.819926, 0.470055, 0.422661, 0.0, 0.0, 0.0, 1.0],
                [-0.375688, -0.570529, 0.730312, 0.61401, 0.867226, 0.061431, 0.494111, 0.014224, -0.326768, 0.818977, 0.471698, 0.423677, 0.0, 0.0, 0.0, 1.0],
                [-0.366275, -0.571652, 0.734205, 0.615112, 0.871154, 0.066623, 0.486468, 0.014063, -0.327006, 0.817787, 0.473594, 0.424749, 0.0, 0.0, 0.0, 1.0],
                [-0.356687, -0.573063, 0.737817, 0.616252, 0.87494, 0.071944, 0.478857, 0.013882, -0.327497, 0.816347, 0.475734, 0.425859, 0.0, 0.0, 0.0, 1.0],
                [-0.346985, -0.57477, 0.741108, 0.617411, 0.878544, 0.077387, 0.47135, 0.01367, -0.32827, 0.814648, 0.478109, 0.426987, 0.0, 0.0, 0.0, 1.0],
                [-0.337234, -0.57678, 0.744042, 0.61857, 0.881929, 0.082941, 0.464027, 0.013415, -0.329354, 0.812678, 0.480709, 0.428115, 0.0, 0.0, 0.0, 1.0],
                [-0.327498, -0.579103, 0.746583, 0.61971, 0.88506, 0.088599, 0.456967, 0.013108, -0.330777, 0.810426, 0.483525, 0.429225, 0.0, 0.0, 0.0, 1.0],
                [-0.317843, -0.581746, 0.748697, 0.620811, 0.887904, 0.094349, 0.45025, 0.012736, -0.33257, 0.80788, 0.486546, 0.430297, 0.0, 0.0, 0.0, 1.0],
                [-0.308336, -0.584719, 0.750355, 0.621855, 0.890429, 0.100179, 0.44396, 0.012289, -0.334761, 0.805027, 0.489762, 0.431313, 0.0, 0.0, 0.0, 1.0],
                [-0.299041, -0.588031, 0.751528, 0.622822, 0.892608, 0.106076, 0.438177, 0.011756, -0.337381, 0.801852, 0.49316, 0.432255, 0.0, 0.0, 0.0, 1.0],
                [-0.290027, -0.591693, 0.752187, 0.623693, 0.894412, 0.112024, 0.432988, 0.011125, -0.340459, 0.798342, 0.496726, 0.433102, 0.0, 0.0, 0.0, 1.0],
                [-0.28136, -0.595712, 0.752306, 0.624449, 0.895814, 0.118007, 0.428476, 0.010386, -0.344025, 0.794482, 0.500445, 0.433838, 0.0, 0.0, 0.0, 1.0],
                [-0.273103, -0.600099, 0.751861, 0.62507, 0.896791, 0.124005, 0.424722, 0.009527, -0.34811, 0.790255, 0.504298, 0.434443, 0.0, 0.0, 0.0, 1.0],
                [-0.26532, -0.604865, 0.750829, 0.625538, 0.897317, 0.129997, 0.421809, 0.008538, -0.352743, 0.785646, 0.508265, 0.434898, 0.0, 0.0, 0.0, 1.0],
                [-0.258073, -0.610017, 0.749185, 0.625832, 0.897367, 0.135957, 0.419819, 0.007407, -0.357953, 0.780638, 0.512322, 0.435184, 0.0, 0.0, 0.0, 1.0],
                [-0.251421, -0.615565, 0.746906, 0.625935, 0.896916, 0.141858, 0.41883, 0.006124, -0.363771, 0.775214, 0.516444, 0.435284, 0.0, 0.0, 0.0, 1.0],
                [-0.245243, -0.621441, 0.744088, 0.625924, 0.896008, 0.147772, 0.418729, 0.004461, -0.37017, 0.769398, 0.520577, 0.434949, 0.0, 0.0, 0.0, 1.0],
                [-0.23871, -0.627277, 0.74131, 0.625851, 0.894966, 0.154177, 0.418649, 0.002168, -0.376902, 0.763382, 0.524588, 0.434037, 0.0, 0.0, 0.0, 1.0],
                [-0.230827, -0.632621, 0.739263, 0.625652, 0.894161, 0.161668, 0.41754, -0.000804, -0.38366, 0.7574, 0.528347, 0.432695, 0.0, 0.0, 0.0, 1.0],
                [-0.220606, -0.637006, 0.738618, 0.625265, 0.893938, 0.170857, 0.414348, -0.004504, -0.39014, 0.751686, 0.531752, 0.431064, 0.0, 0.0, 0.0, 1.0],
                [-0.207049, -0.639932, 0.740011, 0.624627, 0.894586, 0.18236, 0.407996, -0.008979, -0.396038, 0.746479, 0.534717, 0.42929, 0.0, 0.0, 0.0, 1.0],
                [-0.189138, -0.640839, 0.744011, 0.623676, 0.896314, 0.196794, 0.397359, -0.014278, -0.40106, 0.742023, 0.537171, 0.427516, 0.0, 0.0, 0.0, 1.0],
                [-0.165806, -0.639063, 0.751071, 0.622347, 0.899194, 0.214747, 0.381227, -0.02045, -0.404919, 0.738568, 0.539035, 0.425885, 0.0, 0.0, 0.0, 1.0],
                [-0.135922, -0.633797, 0.761464, 0.62058, 0.903103, 0.236754, 0.358265, -0.027543, -0.407347, 0.736376, 0.540203, 0.424542, 0.0, 0.0, 0.0, 1.0],
                [-0.09828, -0.624031, 0.775195, 0.61831, 0.907631, 0.263236, 0.326975, -0.035606, -0.408102, 0.735726, 0.540519, 0.423631, 0.0, 0.0, 0.0, 1.0],
                [-0.051612, -0.608503, 0.791871, 0.615476, 0.911974, 0.294424, 0.285687, -0.044687, -0.406987, 0.736911, 0.539743, 0.423296, 0.0, 0.0, 0.0, 1.0],
                [0.065254, -0.564622, 0.822766, 0.61007, 0.909986, 0.372012, 0.183121, -0.054731, -0.409473, 0.736756, 0.538073, 0.429214, 0.0, 0.0, 0.0, 1.0],
                [0.307766, -0.457069, 0.834487, 0.600743, 0.859031, 0.510573, -0.037165, -0.065275, -0.409079, 0.728288, 0.549773, 0.444817, 0.0, 0.0, 0.0, 1.0],
                [0.638482, -0.267187, 0.72177, 0.588416, 0.67367, 0.647507, -0.356236, -0.075752, -0.372169, 0.713685, 0.593418, 0.466876, 0.0, 0.0, 0.0, 1.0],
                [0.920895, -0.040576, 0.387693, 0.574011, 0.303184, 0.699688, -0.646928, -0.085594, -0.245015, 0.713295, 0.656642, 0.492163, 0.0, 0.0, 0.0, 1.0],
                [0.990563, 0.099797, -0.093948, 0.558449, -0.136581, 0.661447, -0.737451, -0.094236, -0.011454, 0.743323, 0.668835, 0.51745, 0.0, 0.0, 0.0, 1.0],
                [0.850998, 0.124733, -0.510141, 0.542653, -0.470644, 0.61214, -0.635436, -0.101111, 0.233018, 0.78085, 0.579635, 0.539509, 0.0, 0.0, 0.0, 1.0],
                [0.643383, 0.089178, -0.760333, 0.527544, -0.647343, 0.593562, -0.478154, -0.105651, 0.408664, 0.799832, 0.439616, 0.555112, 0.0, 0.0, 0.0, 1.0],
                [0.477434, 0.04174, -0.877676, 0.514043, -0.715514, 0.598235, -0.360771, -0.107291, 0.509998, 0.800233, 0.315483, 0.56103, 0.0, 0.0, 0.0, 1.0],
                [0.374236, 0.006605, -0.92731, 0.502874, -0.73975, 0.605142, -0.294232, -0.107291, 0.559211, 0.79609, 0.231352, 0.560741, 0.0, 0.0, 0.0, 1.0],
                [0.307399, -0.014746, -0.951466, 0.493959, -0.753678, 0.606639, -0.2529, -0.107291, 0.580926, 0.79484, 0.175367, 0.560104, 0.0, 0.0, 0.0, 1.0],
                [0.261576, -0.027613, -0.964788, 0.487023, -0.76461, 0.604094, -0.224593, -0.107291, 0.589024, 0.796435, 0.136903, 0.559466, 0.0, 0.0, 0.0, 1.0],
                [0.2225, -0.035174, -0.974298, 0.48179, -0.775274, 0.59956, -0.198694, -0.107291, 0.591139, 0.799557, 0.106133, 0.559177, 0.0, 0.0, 0.0, 1.0],
                [0.179019, -0.039576, -0.983049, 0.477864, -0.78602, 0.59519, -0.1671, -0.107291, 0.591714, 0.80261, 0.075443, 0.559192, 0.0, 0.0, 0.0, 1.0],
                [0.131339, -0.041707, -0.99046, 0.474934, -0.795807, 0.591338, -0.130428, -0.107291, 0.591136, 0.805345, 0.044475, 0.559239, 0.0, 0.0, 0.0, 1.0],
                [0.082685, -0.042241, -0.99568, 0.472851, -0.803774, 0.587827, -0.091687, -0.107291, 0.589161, 0.807883, 0.014653, 0.559315, 0.0, 0.0, 0.0, 1.0],
                [0.036327, -0.041904, -0.998461, 0.471463, -0.8096, 0.584494, -0.053986, -0.107291, 0.585857, 0.810315, -0.012693, 0.55942, 0.0, 0.0, 0.0, 1.0],
                [-0.004629, -0.041446, -0.99913, 0.47062, -0.813497, 0.581214, -0.020341, -0.107291, 0.581551, 0.812695, -0.036406, 0.559552, 0.0, 0.0, 0.0, 1.0],
                [-0.037352, -0.041604, -0.998436, 0.470172, -0.81608, 0.577903, 0.006449, -0.107291, 0.576731, 0.815044, -0.055538, 0.559711, 0.0, 0.0, 0.0, 1.0],
                [-0.059289, -0.043098, -0.99731, 0.469968, -0.818162, 0.574495, 0.023813, -0.107291, 0.571923, 0.817373, -0.069322, 0.559896, 0.0, 0.0, 0.0, 1.0],
                [-0.068045, -0.046627, -0.996592, 0.469859, -0.820498, 0.570897, 0.029311, -0.107291, 0.567584, 0.819697, -0.077104, 0.560106, 0.0, 0.0, 0.0, 1.0],
                [-0.068368, -0.050802, -0.996366, 0.469721, -0.823551, 0.566569, 0.027622, -0.107291, 0.563107, 0.822447, -0.080573, 0.56034, 0.0, 0.0, 0.0, 1.0],
                [-0.06674, -0.053876, -0.996315, 0.469536, -0.827308, 0.561188, 0.025072, -0.107291, 0.557769, 0.825933, -0.082026, 0.560597, 0.0, 0.0, 0.0, 1.0],
                [-0.063379, -0.056014, -0.996416, 0.469315, -0.831612, 0.554934, 0.0217, -0.107291, 0.55173, 0.830007, -0.081753, 0.560875, 0.0, 0.0, 0.0, 1.0],
                [-0.058508, -0.05738, -0.996637, 0.469067, -0.8363, 0.547992, 0.017545, -0.107291, 0.545142, 0.834513, -0.080049, 0.561174, 0.0, 0.0, 0.0, 1.0],
                [-0.052354, -0.058144, -0.996935, 0.468801, -0.841216, 0.540552, 0.01265, -0.107291, 0.538159, 0.839299, -0.077212, 0.561493, 0.0, 0.0, 0.0, 1.0],
                [-0.045143, -0.05848, -0.997267, 0.468528, -0.846208, 0.532806, 0.007062, -0.107291, 0.530937, 0.844214, -0.073539, 0.561831, 0.0, 0.0, 0.0, 1.0],
                [-0.037099, -0.058565, -0.997594, 0.468257, -0.851134, 0.524949, 0.000835, -0.107291, 0.523637, 0.849117, -0.069322, 0.562187, 0.0, 0.0, 0.0, 1.0],
                [-0.02844, -0.058586, -0.997877, 0.467998, -0.85586, 0.517173, -0.005971, -0.107291, 0.516425, 0.853873, -0.06485, 0.56256, 0.0, 0.0, 0.0, 1.0],
                [-0.019181, -0.058754, -0.998088, 0.467759, -0.86026, 0.509677, -0.01347, -0.107291, 0.509494, 0.858357, -0.06032, 0.562949, 0.0, 0.0, 0.0, 1.0],
                [-0.009249, -0.05914, -0.998207, 0.467539, -0.86429, 0.502523, -0.021765, -0.107291, 0.502909, 0.862539, -0.055762, 0.563353, 0.0, 0.0, 0.0, 1.0],
                [0.001276, -0.059728, -0.998214, 0.467338, -0.867948, 0.495701, -0.03077, -0.107291, 0.496653, 0.866437, -0.051208, 0.56377, 0.0, 0.0, 0.0, 1.0],
                [0.01231, -0.060502, -0.998092, 0.467155, -0.871236, 0.4892, -0.0404, -0.107291, 0.490711, 0.870071, -0.046689, 0.564201, 0.0, 0.0, 0.0, 1.0],
                [0.023773, -0.061447, -0.997827, 0.466987, -0.874155, 0.483008, -0.050571, -0.107291, 0.485066, 0.873457, -0.042232, 0.564644, 0.0, 0.0, 0.0, 1.0],
                [0.035587, -0.062553, -0.997407, 0.466834, -0.876709, 0.477111, -0.061203, -0.107291, 0.479702, 0.876614, -0.037862, 0.565098, 0.0, 0.0, 0.0, 1.0],
                [0.047672, -0.063807, -0.996823, 0.466694, -0.878907, 0.471496, -0.072213, -0.107291, 0.474605, 0.879557, -0.033603, 0.565562, 0.0, 0.0, 0.0, 1.0],
                [0.059952, -0.0652, -0.99607, 0.466566, -0.880756, 0.466147, -0.083525, -0.107291, 0.469761, 0.882301, -0.029479, 0.566035, 0.0, 0.0, 0.0, 1.0],
                [0.072355, -0.066724, -0.995145, 0.466449, -0.882267, 0.461051, -0.095061, -0.107291, 0.465155, 0.884862, -0.025509, 0.566516, 0.0, 0.0, 0.0, 1.0],
                [0.084806, -0.068369, -0.994049, 0.466341, -0.883456, 0.456191, -0.106747, -0.107291, 0.460775, 0.887251, -0.021714, 0.567004, 0.0, 0.0, 0.0, 1.0],
                [0.097236, -0.07013, -0.992788, 0.46624, -0.884339, 0.451553, -0.118512, -0.107291, 0.456608, 0.889484, -0.018112, 0.567498, 0.0, 0.0, 0.0, 1.0],
                [0.109576, -0.072, -0.991367, 0.466146, -0.884934, 0.447121, -0.130285, -0.107291, 0.452642, 0.891571, -0.014721, 0.567998, 0.0, 0.0, 0.0, 1.0],
                [0.121761, -0.073973, -0.989799, 0.466057, -0.885265, 0.44288, -0.142001, -0.107291, 0.448867, 0.893524, -0.01156, 0.568501, 0.0, 0.0, 0.0, 1.0],
                [0.133726, -0.076044, -0.988097, 0.465971, -0.885354, 0.438814, -0.153592, -0.107291, 0.44527, 0.895354, -0.008645, 0.569008, 0.0, 0.0, 0.0, 1.0],
                [0.145409, -0.078208, -0.986276, 0.465888, -0.885229, 0.434909, -0.164998, -0.107291, 0.441844, 0.897072, -0.005992, 0.569517, 0.0, 0.0, 0.0, 1.0],
                [0.156749, -0.080461, -0.984356, 0.465805, -0.884918, 0.431149, -0.176157, -0.107291, 0.438578, 0.898686, -0.003619, 0.570028, 0.0, 0.0, 0.0, 1.0],
                [0.1677, -0.082797, -0.982355, 0.465723, -0.884449, 0.427521, -0.187019, -0.107291, 0.435462, 0.900206, -0.001534, 0.570538, 0.0, 0.0, 0.0, 1.0],
                [0.178261, -0.085199, -0.980288, 0.46564, -0.883841, 0.424016, -0.197575, -0.107291, 0.432491, 0.901638, 0.000283, 0.571048, 0.0, 0.0, 0.0, 1.0],
                [0.188442, -0.08765, -0.978165, 0.465557, -0.88311, 0.420626, -0.207821, -0.107291, 0.429658, 0.90299, 0.001859, 0.571556, 0.0, 0.0, 0.0, 1.0],
                [0.198254, -0.090131, -0.975998, 0.465475, -0.882273, 0.417345, -0.217756, -0.107291, 0.426955, 0.904267, 0.003221, 0.572061, 0.0, 0.0, 0.0, 1.0],
                [0.207703, -0.09262, -0.973797, 0.465394, -0.881343, 0.414168, -0.227376, -0.107291, 0.424375, 0.905476, 0.004394, 0.572563, 0.0, 0.0, 0.0, 1.0],
                [0.216796, -0.0951, -0.971574, 0.465313, -0.880336, 0.411089, -0.236675, -0.107291, 0.421911, 0.906621, 0.005403, 0.57306, 0.0, 0.0, 0.0, 1.0],
                [0.225537, -0.097548, -0.969339, 0.465235, -0.879265, 0.408105, -0.245649, -0.107291, 0.419554, 0.907709, 0.006272, 0.573551, 0.0, 0.0, 0.0, 1.0],
                [0.233932, -0.099945, -0.967102, 0.465158, -0.878146, 0.405212, -0.254291, -0.107291, 0.417296, 0.908743, 0.007026, 0.574036, 0.0, 0.0, 0.0, 1.0],
                [0.241984, -0.102268, -0.964876, 0.465083, -0.87699, 0.402409, -0.262594, -0.107291, 0.415129, 0.90973, 0.007688, 0.574513, 0.0, 0.0, 0.0, 1.0],
                [0.249693, -0.104496, -0.96267, 0.465011, -0.875813, 0.399693, -0.27055, -0.107291, 0.413044, 0.910674, 0.008282, 0.574981, 0.0, 0.0, 0.0, 1.0],
                [0.257062, -0.106606, -0.960497, 0.464941, -0.874627, 0.397063, -0.27815, -0.107291, 0.411031, 0.911579, 0.00883, 0.57544, 0.0, 0.0, 0.0, 1.0],
                [0.264091, -0.108575, -0.958367, 0.464875, -0.873446, 0.39452, -0.285386, -0.107291, 0.409081, 0.91245, 0.009355, 0.575888, 0.0, 0.0, 0.0, 1.0],
                [0.270781, -0.110381, -0.956292, 0.464812, -0.872284, 0.392062, -0.292247, -0.107291, 0.407184, 0.913293, 0.00988, 0.576325, 0.0, 0.0, 0.0, 1.0],
                [0.277128, -0.111998, -0.954283, 0.464753, -0.871153, 0.38969, -0.298722, -0.107291, 0.405331, 0.914111, 0.010427, 0.576749, 0.0, 0.0, 0.0, 1.0],
                [0.283133, -0.113402, -0.952353, 0.464697, -0.870066, 0.387405, -0.3048, -0.107291, 0.403512, 0.914908, 0.01102, 0.57716, 0.0, 0.0, 0.0, 1.0],
                [0.288793, -0.114569, -0.950512, 0.464647, -0.869036, 0.385208, -0.310469, -0.107291, 0.401715, 0.91569, 0.01168, 0.577556, 0.0, 0.0, 0.0, 1.0],
                [0.294104, -0.115474, -0.948772, 0.464601, -0.868077, 0.3831, -0.315717, -0.107291, 0.399932, 0.91646, 0.012431, 0.577937, 0.0, 0.0, 0.0, 1.0],
                [0.299064, -0.11609, -0.947145, 0.46456, -0.8672, 0.381083, -0.32053, -0.107291, 0.398152, 0.917223, 0.013295, 0.578301, 0.0, 0.0, 0.0, 1.0],
                [0.303668, -0.116393, -0.945642, 0.464524, -0.866419, 0.379158, -0.324896, -0.107291, 0.396363, 0.917982, 0.014294, 0.578648, 0.0, 0.0, 0.0, 1.0],
                [0.307913, -0.116355, -0.944273, 0.464495, -0.865745, 0.377327, -0.328801, -0.107291, 0.394557, 0.918742, 0.01545, 0.578976, 0.0, 0.0, 0.0, 1.0],
                [0.311792, -0.11595, -0.943049, 0.464471, -0.865191, 0.37559, -0.33223, -0.107291, 0.392722, 0.919504, 0.016787, 0.579285, 0.0, 0.0, 0.0, 1.0],
                [0.315301, -0.115152, -0.94198, 0.464454, -0.864768, 0.37395, -0.33517, -0.107291, 0.390849, 0.920273, 0.018326, 0.579574, 0.0, 0.0, 0.0, 1.0],
                [0.318433, -0.113936, -0.941073, 0.464443, -0.864487, 0.372406, -0.337605, -0.107291, 0.388926, 0.92105, 0.02009, 0.579841, 0.0, 0.0, 0.0, 1.0],
                [0.321183, -0.112273, -0.940339, 0.464439, -0.864358, 0.370959, -0.339522, -0.107291, 0.386946, 0.921838, 0.022101, 0.580086, 0.0, 0.0, 0.0, 1.0],
                [0.323686, -0.110123, -0.939734, 0.464679, -0.864308, 0.369691, -0.341029, -0.107291, 0.384966, 0.922606, 0.024484, 0.580308, 0.0, 0.0, 0.0, 1.0],
                [0.326087, -0.107477, -0.93921, 0.46538, -0.864256, 0.368679, -0.342253, -0.107291, 0.383052, 0.923322, 0.027333, 0.580511, 0.0, 0.0, 0.0, 1.0],
                [0.328389, -0.104362, -0.938759, 0.466519, -0.864205, 0.367908, -0.34321, -0.107291, 0.381196, 0.923987, 0.030627, 0.580699, 0.0, 0.0, 0.0, 1.0],
                [0.330599, -0.100803, -0.938373, 0.468073, -0.864156, 0.367366, -0.343915, -0.107291, 0.379394, 0.924598, 0.034342, 0.580876, 0.0, 0.0, 0.0, 1.0],
                [0.332721, -0.096825, -0.938041, 0.470015, -0.864108, 0.367038, -0.344383, -0.107291, 0.377641, 0.925153, 0.038454, 0.581045, 0.0, 0.0, 0.0, 1.0],
                [0.334761, -0.092455, -0.937756, 0.472322, -0.864065, 0.366909, -0.344629, -0.107291, 0.375934, 0.925651, 0.042939, 0.58121, 0.0, 0.0, 0.0, 1.0],
                [0.336724, -0.087719, -0.937509, 0.47497, -0.864026, 0.366965, -0.344666, -0.107291, 0.374267, 0.92609, 0.047775, 0.581377, 0.0, 0.0, 0.0, 1.0],
                [0.338616, -0.082642, -0.937289, 0.477934, -0.863992, 0.367191, -0.344512, -0.107291, 0.372635, 0.926467, 0.052935, 0.581548, 0.0, 0.0, 0.0, 1.0],
                [0.340443, -0.077251, -0.937086, 0.48119, -0.863963, 0.367571, -0.344179, -0.107291, 0.371034, 0.926781, 0.058395, 0.581728, 0.0, 0.0, 0.0, 1.0],
                [0.342212, -0.071572, -0.936893, 0.484714, -0.863939, 0.36809, -0.343684, -0.107291, 0.369459, 0.927031, 0.064131, 0.58192, 0.0, 0.0, 0.0, 1.0],
                [0.343927, -0.065631, -0.9367, 0.488481, -0.863921, 0.368733, -0.34304, -0.107291, 0.367907, 0.927215, 0.070117, 0.582129, 0.0, 0.0, 0.0, 1.0],
                [0.345595, -0.059455, -0.936499, 0.492467, -0.863908, 0.369485, -0.342264, -0.107291, 0.366372, 0.927333, 0.076328, 0.582359, 0.0, 0.0, 0.0, 1.0],
                [0.347223, -0.053071, -0.93628, 0.496647, -0.863899, 0.37033, -0.341371, -0.107291, 0.364849, 0.927383, 0.082739, 0.582614, 0.0, 0.0, 0.0, 1.0],
                [0.348815, -0.046503, -0.936037, 0.500998, -0.863896, 0.371253, -0.340376, -0.107291, 0.363335, 0.927366, 0.089325, 0.582897, 0.0, 0.0, 0.0, 1.0],
                [0.35038, -0.03978, -0.935763, 0.505495, -0.863896, 0.372239, -0.339295, -0.107291, 0.361825, 0.927284, 0.096059, 0.583213, 0.0, 0.0, 0.0, 1.0],
                [0.351922, -0.032928, -0.93545, 0.510114, -0.863901, 0.373275, -0.338144, -0.107291, 0.360314, 0.927136, 0.102917, 0.583566, 0.0, 0.0, 0.0, 1.0],
                [0.353449, -0.025972, -0.935093, 0.51483, -0.863909, 0.374344, -0.33694, -0.107291, 0.358798, 0.926926, 0.109874, 0.583959, 0.0, 0.0, 0.0, 1.0],
                [0.354966, -0.01894, -0.934687, 0.519618, -0.863919, 0.375434, -0.335698, -0.107291, 0.357271, 0.926656, 0.116903, 0.584397, 0.0, 0.0, 0.0, 1.0],
                [0.35648, -0.011858, -0.934228, 0.524456, -0.863932, 0.37653, -0.334435, -0.107291, 0.35573, 0.926329, 0.123981, 0.584884, 0.0, 0.0, 0.0, 1.0],
                [0.357997, -0.004751, -0.933711, 0.529318, -0.863946, 0.377618, -0.333169, -0.107291, 0.354169, 0.925949, 0.131082, 0.585424, 0.0, 0.0, 0.0, 1.0],
                [0.359523, 0.002354, -0.933133, 0.534179, -0.86396, 0.378687, -0.331916, -0.107291, 0.352584, 0.925522, 0.138181, 0.58602, 0.0, 0.0, 0.0, 1.0],
                [0.361065, 0.009432, -0.932493, 0.539017, -0.863975, 0.379723, -0.330694, -0.107291, 0.35097, 0.925052, 0.145254, 0.586677, 0.0, 0.0, 0.0, 1.0],
                [0.36263, 0.016456, -0.931788, 0.543806, -0.863987, 0.380713, -0.32952, -0.107291, 0.349321, 0.924547, 0.152276, 0.587399, 0.0, 0.0, 0.0, 1.0],
                [0.364223, 0.023401, -0.931018, 0.548522, -0.863998, 0.381646, -0.328412, -0.107291, 0.347634, 0.924012, 0.159223, 0.588189, 0.0, 0.0, 0.0, 1.0],
                [0.365852, 0.030243, -0.930181, 0.55314, -0.864004, 0.38251, -0.327387, -0.107291, 0.345902, 0.923456, 0.166072, 0.589052, 0.0, 0.0, 0.0, 1.0],
                [0.367522, 0.036955, -0.92928, 0.557637, -0.864007, 0.383293, -0.326464, -0.107291, 0.344122, 0.922887, 0.172798, 0.589992, 0.0, 0.0, 0.0, 1.0],
                [0.36924, 0.043514, -0.928315, 0.561988, -0.864003, 0.383984, -0.325661, -0.107291, 0.342287, 0.922314, 0.179379, 0.591013, 0.0, 0.0, 0.0, 1.0],
                [0.371013, 0.049896, -0.927287, 0.566168, -0.863992, 0.384572, -0.324995, -0.107291, 0.340393, 0.921745, 0.185791, 0.592119, 0.0, 0.0, 0.0, 1.0],
                [0.372846, 0.056075, -0.926197, 0.570154, -0.863972, 0.385047, -0.324485, -0.107291, 0.338434, 0.921192, 0.19201, 0.593313, 0.0, 0.0, 0.0, 1.0],
                [0.374748, 0.062028, -0.925049, 0.573921, -0.863941, 0.385398, -0.32415, -0.107291, 0.336406, 0.920663, 0.198016, 0.5946, 0.0, 0.0, 0.0, 1.0],
                [0.376724, 0.067731, -0.923846, 0.577445, -0.863898, 0.385615, -0.324008, -0.107291, 0.334303, 0.92017, 0.203784, 0.595984, 0.0, 0.0, 0.0, 1.0],
                [0.378782, 0.073163, -0.92259, 0.580701, -0.863841, 0.385687, -0.324076, -0.107291, 0.33212, 0.919724, 0.209292, 0.597468, 0.0, 0.0, 0.0, 1.0],
                [0.380928, 0.078298, -0.921284, 0.583665, -0.863766, 0.385603, -0.324374, -0.107291, 0.329852, 0.919336, 0.214518, 0.599057, 0.0, 0.0, 0.0, 1.0],
                [0.383169, 0.083115, -0.919931, 0.586313, -0.863672, 0.385354, -0.324919, -0.107291, 0.327494, 0.919018, 0.21944, 0.600755, 0.0, 0.0, 0.0, 1.0],
                [0.385512, 0.087592, -0.918536, 0.58862, -0.863556, 0.38493, -0.32573, -0.107291, 0.32504, 0.91878, 0.224036, 0.602566, 0.0, 0.0, 0.0, 1.0],
                [0.387966, 0.091705, -0.9171, 0.590563, -0.863415, 0.384318, -0.326825, -0.107291, 0.322486, 0.918635, 0.228282, 0.604494, 0.0, 0.0, 0.0, 1.0],
                [0.390537, 0.095433, -0.915627, 0.592116, -0.863245, 0.383508, -0.328223, -0.107291, 0.319827, 0.918594, 0.232156, 0.606542, 0.0, 0.0, 0.0, 1.0],
                [0.393233, 0.098755, -0.91412, 0.593255, -0.863043, 0.382488, -0.32994, -0.107291, 0.317057, 0.918668, 0.235637, 0.608715, 0.0, 0.0, 0.0, 1.0],
                [0.396063, 0.101648, -0.91258, 0.593957, -0.862804, 0.381247, -0.331995, -0.107291, 0.314172, 0.918868, 0.2387, 0.611017, 0.0, 0.0, 0.0, 1.0],
                [0.399033, 0.10409, -0.911009, 0.594196, -0.862524, 0.379771, -0.334405, -0.107291, 0.311167, 0.919206, 0.241321, 0.613452, 0.0, 0.0, 0.0, 1.0],
                [0.403042, 0.105638, -0.909064, 0.594095, -0.8619, 0.377796, -0.338229, -0.108114, 0.307711, 0.919843, 0.243317, 0.616147, 0.0, 0.0, 0.0, 1.0],
                [0.408925, 0.105919, -0.906401, 0.5938, -0.860623, 0.375085, -0.344441, -0.110491, 0.303494, 0.920919, 0.244538, 0.61921, 0.0, 0.0, 0.0, 1.0],
